   0.0000000e+00   5.0000000e-01   1.0000000e+00   1.5000000e+00   2.0000000e+00   2.5000000e+00   3.0000000e+00   3.5000000e+00   4.0000000e+00   4.5000000e+00   5.0000000e+00   5.5000000e+00   6.0000000e+00   6.5000000e+00   7.0000000e+00   7.5000000e+00   8.0000000e+00   8.5000000e+00   9.0000000e+00   9.5000000e+00   1.0000000e+01   1.0500000e+01   1.1000000e+01   1.1500000e+01   1.2000000e+01   1.2500000e+01   1.3000000e+01   1.3500000e+01   1.4000000e+01   1.4500000e+01   1.5000000e+01
  -7.7646720e+00   4.4452568e+00  -5.6423995e-01   5.6850773e+00  -4.5763194e+00   7.1534482e+00  -2.0364014e+00   4.6118661e+00   5.1938588e+00   2.2954240e+00   3.8528668e+00  -2.4141611e-01   4.0524381e+00  -7.1371513e+00  -2.4869527e+00   1.3223506e+00   1.2567634e+01  -7.6894898e+00   1.0456344e+01  -4.9358296e-02   4.5008059e+00   6.9992545e-01   8.4474105e+00  -1.3736990e+00  -1.9707314e-01  -8.0425069e-01   2.8924036e+00  -4.4345938e+00   1.3042965e+00  -4.4083863e+00  -2.0135872e+00
  -7.2505462e-01   2.0360360e+00   1.4104670e+00   7.2662698e+00  -2.8747876e+00  -3.9801195e+00  -7.0282463e-01  -3.3922079e+00   6.6417307e-01  -4.2670805e+00  -1.1350666e+01  -4.6457536e+00   1.2342454e-01   6.9052535e+00   2.8131058e-01  -3.3959750e+00   4.7609180e+00   1.6219133e+00   1.5099359e+01  -2.6415259e+00  -4.8684475e+00  -9.8256847e+00  -3.9683084e+00   3.7851404e+00  -1.7248176e+00  -9.5616296e+00  -2.9708660e+00   6.9590233e+00   3.0636060e+00   2.5909066e+00   7.1526600e+00
   5.5353579e+00   9.2932345e+00   5.2163683e-01  -2.0043880e+00   3.0393430e+00  -6.9375747e-01  -2.1427570e+00   7.3123962e+00  -5.0280258e+00   6.4628178e+00  -6.3166944e-01   6.2484399e-01   5.1463990e+00  -9.5262004e+00  -5.5214562e+00   1.5071819e+00  -2.5519626e+00   4.7361818e+00  -1.6664640e+00  -4.9919001e+00  -2.0576538e+00  -6.8627292e-01   5.9170531e+00   1.9724740e+00   4.2628134e+00  -1.0014811e+01  -5.9195134e+00  -1.3705050e+01  -2.4776857e+00   7.2634565e+00   1.5004299e+00
  -2.1403808e+00  -1.7914741e+01   3.0423062e+00   4.5692777e+00   1.4100515e+01   6.2650862e+00  -5.9069229e-01   8.8991718e+00  -6.7456668e+00  -7.0723633e+00   3.4358441e-01   2.1164782e+00   2.9554602e-01  -4.5220059e+00  -4.5039425e+00   2.9797015e+00  -6.1778689e+00  -1.1074622e+00  -7.9198649e+00   2.1858992e+00  -6.1211347e+00   5.8081179e+00  -3.3369353e+00   1.6899765e+00  -6.2443249e+00  -2.0331850e+00  -3.3645362e+00   7.7342302e+00   9.8965759e-01  -5.9272896e+00   1.1209259e+00
  -1.6061137e+00  -5.7523116e+00   5.2233703e+00  -1.1107944e+00   7.2859544e+00  -1.2103427e+00   3.6325510e+00  -4.8290327e+00   2.3234288e+00   1.2668774e+00   1.1890306e+01  -8.7530277e+00  -1.1144910e+00  -6.3867663e+00   1.0484609e+01   2.6803045e+00  -8.6321274e+00  -7.3189864e-01   4.0297492e+00  -6.4725346e+00  -4.0046618e+00   5.6029408e+00  -8.5497375e+00  -2.8333084e+00   9.5681384e+00   7.2381582e+00  -4.2714219e+00   6.2646603e+00  -1.0315076e+00  -3.1492269e+00  -6.9881277e+00
   2.8307460e+00   4.3625654e+00  -2.6361033e+00   1.1544704e-01  -6.4805018e-01   1.6736067e+00   6.9759848e+00   4.7047155e+00   1.3244806e+01   7.3816421e+00  -1.4827832e+00   1.2531121e+00  -1.0334184e+00   6.1724380e+00   1.2393913e+00   8.2983142e+00   1.2171224e+01   5.7163494e+00   2.1622419e+00   4.1960664e+00  -3.5675415e+00   2.1569522e+00  -2.0011704e-01  -4.3851629e+00  -6.5730316e+00  -1.1393943e+00   7.1447922e+00  -4.0599018e+00  -5.0589995e+00  -5.4074519e+00  -2.9140036e+00
   6.9356869e+00   2.5711702e+00   3.8321356e+00  -5.3064908e+00  -1.7910019e+00   1.3395978e+00  -3.9351746e-01   2.2860138e+00   6.1362173e+00   5.9614256e+00   1.0701141e+01  -3.8878621e-01   3.5899862e+00   6.0639354e+00   1.5968182e+00   1.1385298e+00   4.2045956e+00  -4.8634150e+00  -4.7022061e+00  -3.9398941e+00  -7.4157758e+00   1.7680739e+00   9.9420768e-01   2.1151243e+00   6.8597913e+00   1.3189148e+00  -4.1585881e-01   8.9885825e-01   4.9938658e+00   5.5306556e+00   8.3904530e+00
   4.8578631e+00   7.5391007e+00  -2.3396036e+00   7.0768524e+00  -3.0679746e+00   7.2663641e+00   6.4043934e+00  -1.6597438e+00  -5.0706434e+00  -3.1103918e+00  -1.1002553e+00   2.4500784e+00  -3.4409038e+00   7.7027426e+00  -3.4988477e+00  -5.7467082e-01   6.0145341e+00   3.1649314e+00   8.0255842e+00  -8.7101949e+00   1.3226655e+00   1.5469551e+00   6.0235997e+00   3.7912327e+00  -1.9594056e+00   3.1106598e+00   8.2944352e+00   9.8916108e+00  -1.8644336e-01   1.6340466e+00   9.1625623e+00
  -6.7969683e+00   7.5049482e-01   1.2796779e+00   7.7106997e+00  -1.5762023e+00  -2.1037298e+00  -4.4768268e-01  -1.9670172e+00   5.3376420e+00   4.1661576e-01  -1.0918441e+01  -7.4351892e+00  -6.6127700e+00  -2.7082384e+00  -4.9863670e+00  -6.1654692e+00  -1.5680819e-01  -9.1896586e+00   3.5100950e+00   1.1923760e+00  -5.2370748e+00   1.2276873e+00   3.3019192e+00  -5.5897713e+00  -2.5233740e+00  -1.1808618e+00  -4.5202795e-01  -3.0662126e+00  -3.6765054e+00  -1.0225379e+01   5.6023517e-01
  -2.1347538e+00  -1.4545960e+00  -9.8212684e+00  -1.8708184e+00   8.3993619e+00  -5.7617494e+00   5.1624458e+00  -1.0982671e+01   3.7084417e+00   7.2450488e+00  -3.3034938e+00   2.7409977e+00   1.4517128e+00   1.2742552e+01   7.6382306e+00  -5.2480993e+00  -1.8057847e+00   1.5650430e+00   4.0242017e-01  -9.3255339e+00   3.5757940e+00   5.8529952e+00   7.3782209e+00   2.6787815e+00  -2.9713123e+00   4.4790368e+00  -2.6396475e-01  -1.3791084e+00  -7.0961350e+00  -8.0071500e-01   3.1366142e+00
