   0.0000000e+00   5.0000000e-01   1.0000000e+00   1.5000000e+00   2.0000000e+00   2.5000000e+00   3.0000000e+00   3.5000000e+00   4.0000000e+00   4.5000000e+00   5.0000000e+00   5.5000000e+00   6.0000000e+00   6.5000000e+00   7.0000000e+00   7.5000000e+00   8.0000000e+00   8.5000000e+00   9.0000000e+00   9.5000000e+00   1.0000000e+01   1.0500000e+01   1.1000000e+01   1.1500000e+01   1.2000000e+01   1.2500000e+01   1.3000000e+01   1.3500000e+01   1.4000000e+01   1.4500000e+01   1.5000000e+01
  -2.4378429e+00   9.3125706e+00   5.5345169e+00  -6.1374440e+00  -3.3488774e+00   6.7054038e+00   1.9414277e+00   1.9666031e+00  -8.5350281e+00   1.1412832e+00   3.4305027e+00  -3.1812896e+00  -5.0100956e+00  -9.2497459e-01  -5.2669307e+00  -3.5446269e-01   1.3991263e+00   6.8693173e+00   9.0187688e-01  -2.7077322e+00   8.1729555e+00   4.1277279e+00   1.1551255e+00   3.3591908e+00  -2.5396245e+00   4.2823128e+00   1.3429070e+00   3.1251410e+00  -5.2365151e+00   7.6784633e+00   2.1721975e+00
  -9.5855697e+00   2.3498696e+00   6.3720170e+00   3.1930969e+00   6.9044606e+00   6.5999708e+00  -4.5461351e+00  -1.1526717e+01   8.9452910e+00   1.9559790e+00   1.0395681e-01  -2.0272240e+00  -7.6715406e+00   1.1099943e+00  -6.8691604e+00  -4.1931929e+00  -1.0400786e+00   3.7825056e+00   1.8813440e+00  -6.7247143e+00   7.4113838e+00   1.6533279e-01   9.3535840e+00  -6.0439316e+00  -3.9123945e+00  -3.8359378e+00  -5.3561078e-01  -4.8850182e+00  -4.8197660e+00  -1.1895750e+01  -4.1908708e+00
   1.2868377e+00  -9.1899807e-01  -8.3781516e-01  -5.8455992e-01   8.4298904e-01  -2.5052749e+00  -3.5243710e+00   2.5421319e+00  -2.1029679e+00   1.1476568e+00  -4.7951467e+00  -7.2755197e-01   3.7256223e+00  -4.4493514e+00   6.9854219e-01  -1.1774867e+00  -3.7416146e-01  -1.7899189e+00  -1.0385503e+01  -7.1537798e-01   6.9687100e+00   3.2606726e+00  -1.8843480e+00  -3.3061943e+00   1.2455547e+00  -1.9170259e+00  -2.6420093e+00   2.7720693e-01   6.2690175e+00  -1.2599907e+01   2.9243494e+00
  -5.0402125e+00   4.7215961e+00  -1.2119524e+01  -1.1187725e+00   2.9089759e-01  -2.1223135e+00  -1.0135786e+00  -7.5640764e+00  -5.6301195e+00  -4.0730209e+00   1.8354098e+00  -2.9278728e+00   7.6899773e+00   7.0348642e-01  -9.3106004e+00  -2.2677307e+00  -3.2572363e+00   5.1953002e-01  -1.1004864e+00  -1.3928663e+00  -3.6663075e+00  -3.2101579e-01  -7.2187005e+00   3.0627225e+00  -6.6167499e+00  -3.3073285e+00  -7.3018278e-01   1.2406899e+00  -3.8298816e-01   8.6909612e+00   8.1099283e+00
   3.1322890e+00   4.5923988e-01  -4.0377739e+00  -2.3063009e+00  -7.0292978e+00  -1.8718916e+00  -2.3535451e+00   8.7577866e+00   3.7677629e+00   3.2693664e-01  -1.4614829e+00   4.1677521e-01   3.8338896e+00   1.1187378e+01   1.6376665e+00   4.3197545e+00   3.4000672e+00   2.7767288e+00   5.0108239e+00   6.2991763e+00   2.2275790e-01  -1.5690363e+00   1.1348580e+00   4.9844807e+00   6.0803235e+00  -2.7129572e+00   4.5615315e+00  -8.6044055e-01  -1.6795986e+00   2.7075453e+00   4.6606249e+00
  -2.8511537e+00  -7.4928550e+00  -2.5146690e-01   2.7655085e+00   4.1803761e-01   7.8883741e+00  -1.6528599e+00   3.9770827e+00  -3.9223610e+00  -6.3136175e+00   3.3356134e+00  -6.9605001e+00  -6.4998801e+00  -3.0219820e+00  -7.4395896e+00   2.7959495e+00  -1.3836373e+00  -6.4654832e+00  -4.4395042e+00  -4.9302498e+00  -3.5608565e-01  -1.2071303e+01  -3.4704252e+00  -6.9559240e+00   1.6490039e+00   2.9932772e+00   7.3626674e-01  -5.0692984e-01  -1.3174730e+01   1.4037846e-01  -4.3814818e+00
  -1.3272777e+00  -1.6377176e+00  -5.7909761e+00   2.9006507e+00   1.1993268e+00  -1.7536680e+00   4.4615035e+00   7.8928027e+00  -5.5392299e+00  -1.2766530e-01  -5.5508002e+00   3.7568319e+00   2.5037673e+00  -2.5831756e+00  -2.7928146e+00  -3.7636184e+00   4.6321976e+00  -1.2396610e+00  -7.4650087e-01  -6.2897263e+00   1.5651020e+00   1.3453037e+01   1.4498013e+00  -7.1129940e+00   1.2346934e+00  -7.1783096e+00   7.4325538e-01  -8.4650977e+00   3.5961170e+00   5.7089755e+00   7.7597502e+00
   6.9182601e+00  -3.7902893e+00   2.2135750e+00   4.5558741e+00  -5.3698799e+00   1.0095661e+00   3.8153272e+00  -6.4396275e+00  -4.7631693e+00   3.8928624e+00  -2.9316925e-02   2.6250950e+00   6.8242912e+00   2.4133254e+00  -3.9320963e+00   3.7632311e+00  -8.3130537e-01  -4.0781999e+00   1.0472998e+01   4.0311323e-01  -4.6844728e+00   3.1803460e+00   8.4114598e+00   2.9691919e+00   3.9515292e+00   5.2682407e-01  -7.9250306e-01   4.3548024e+00  -9.7362001e-01   3.7748381e-01  -2.6331054e+00
  -3.4273124e+00  -1.3417663e+00  -5.9414685e+00   1.2432795e+00   5.1280626e-01  -2.0427784e-01  -1.1236900e+01  -2.5525739e+00   1.2478530e+00   1.8479735e+00   8.9832153e-01  -1.8375609e-01  -8.0136171e+00   1.6999890e+00  -6.5244118e-01   2.4291837e+00   2.9968877e+00  -4.2721380e-01   1.6291319e+00  -1.6733656e+00  -1.6102434e+00  -1.9102185e+00  -4.7655348e+00   1.1688990e+00   6.1769881e+00  -2.8921032e+00  -2.5072971e+00   3.6145827e+00   1.9766705e-01   7.7065052e+00  -8.5051954e+00
  -5.1685970e+00  -3.8183662e+00   1.0882391e+01   2.1584451e+00  -2.2182777e+00   1.5073589e-01  -1.5773433e+00   4.8905370e+00   9.3114159e-02   4.0918041e+00   3.5140439e+00  -1.1536918e+00  -5.6551572e-01   6.4283137e-01  -3.9938156e+00  -1.1898250e+00  -4.4418200e-01  -5.1133802e+00   4.6903613e+00  -5.6562458e+00  -3.5515079e+00  -5.8458522e+00   5.3285056e+00  -3.4009477e+00  -8.6280984e+00   4.0665528e+00   7.2097228e+00   3.3616261e+00   6.9349940e-01  -4.2975582e+00  -3.7611840e+00
