   0.0000000e+00   5.0000000e-01   1.0000000e+00   1.5000000e+00   2.0000000e+00   2.5000000e+00   3.0000000e+00   3.5000000e+00   4.0000000e+00   4.5000000e+00   5.0000000e+00   5.5000000e+00   6.0000000e+00   6.5000000e+00   7.0000000e+00   7.5000000e+00   8.0000000e+00   8.5000000e+00   9.0000000e+00   9.5000000e+00   1.0000000e+01   1.0500000e+01   1.1000000e+01   1.1500000e+01   1.2000000e+01   1.2500000e+01   1.3000000e+01   1.3500000e+01   1.4000000e+01   1.4500000e+01   1.5000000e+01
  -3.4864515e+00   9.5384393e+00  -8.0569813e-01  -1.6858162e+00   7.6731606e-01  -5.3396632e+00   1.0711549e+00   7.9137648e+00  -2.8559381e+00  -6.0799938e+00  -5.3317609e+00   1.3319674e+00   5.7173226e+00  -1.7043486e+00   1.2235812e+01  -1.1121479e+00   1.8218296e+01   9.7296897e+00  -5.7246831e+00   9.3019006e+00   8.2413204e+00   8.8131838e+00  -2.4243044e+00   6.1861983e+00  -3.1821106e+00   8.9485073e+00   3.3428253e+00   1.2497870e+00   1.0064996e+00  -7.3904713e+00  -6.6703111e+00
   5.3922070e+00   3.4846952e-01   3.9933064e+00  -7.6277986e+00  -2.1307540e-01  -5.6630929e-01  -6.1625668e+00  -3.7695722e+00   1.9429472e+00   5.0884910e+00  -7.5328421e+00   7.5469072e+00   2.9026122e+00   3.5898614e+00   8.7981920e+00   6.6972866e+00   1.1049067e+01   8.0658971e+00   8.3018685e+00   9.7674850e+00   8.8295235e+00   8.2581603e+00   3.0432002e+00   1.2495077e+00   5.7560706e+00   2.9238748e+00   4.8943404e+00   4.9344050e+00  -3.6700981e+00  -6.2398679e+00   8.7653629e+00
  -1.2261261e+00  -1.0266384e+01   1.4668398e+00   7.8027115e-01  -6.0117378e+00  -8.5376150e+00   8.4985264e-01  -4.2636549e+00   8.1317720e+00  -2.6219350e-01   2.7248017e+00   7.3934259e+00   1.9309317e+00   3.8307738e+00   9.3704022e+00  -2.4349845e+00   9.7534962e+00   9.8328766e+00   1.5576337e+01   6.8185168e+00   7.6717561e+00   5.3745119e+00  -5.1382801e+00   5.6370419e+00   3.3116896e-01   6.5576748e+00  -6.5514754e+00   1.0846924e+00   2.7800703e+00  -5.7176004e+00  -1.8960872e+00
   6.6069474e+00   5.0152579e+00  -4.9759247e+00  -7.5116341e-01  -1.9230301e+00   5.1049805e+00   3.8995937e+00   3.6766287e+00   5.2501395e+00   8.7779702e+00   9.2184295e+00   7.8497189e+00   1.3766449e+01   4.4155452e+00   8.7526942e+00   1.5439627e+01   5.6460478e+00   6.9947227e+00   6.4558845e+00   6.2778962e+00   8.2299417e+00   1.0275701e+00   3.1368150e-01   1.2542897e+01   4.7494645e+00   3.1436528e+00   8.9622297e+00  -1.3379401e+00  -8.9314520e+00  -9.4082835e+00  -4.9066321e+00
   9.3030313e+00  -2.1672113e+00   5.4580689e+00  -5.5679936e+00   3.4160071e+00  -2.7351681e+00  -1.5327042e+00  -7.7897740e+00   1.8754649e+00   1.0475806e+00   6.7901257e+00   8.3843535e+00  -4.1219998e+00   1.5051568e+01   5.7252883e+00   9.1199900e+00   8.8039383e+00   1.0040953e+01   7.0745950e+00   1.0293454e+01   1.5251140e+01   8.5825327e+00   4.4109064e+00   4.0260601e+00   1.1499675e+01   4.8585996e-01   1.6420515e+00   6.7347869e+00   3.8005233e+00   7.9438175e+00  -8.2535916e+00
   2.6374417e+00   4.4239313e+00  -4.5831009e-01  -2.7599293e+00  -6.0326602e+00  -2.8539582e-01   3.0745185e+00   4.5539185e+00   4.7322663e+00  -4.7614488e+00   5.7322688e+00   3.1200438e+00   6.9838938e+00   4.9498251e+00   9.1114016e-01   1.0474274e+01   2.1060867e+01   9.2613640e+00   2.0385406e+01   2.6554719e+00   1.1917748e+01   6.5594645e+00   1.0323200e+01   6.4310980e+00  -9.8300778e-01   1.1224260e-01  -9.9768918e-01  -4.2312116e+00   6.0494439e+00  -7.5083887e+00   7.6719110e-01
  -1.9376815e+00  -1.0367100e+00  -9.8773984e+00   2.0267411e+00   1.4551677e+00  -3.6288561e+00   1.5118531e+00  -1.9874901e+00   3.4907788e+00   8.8454869e-01  -4.0190826e+00   5.4496406e+00   7.5714633e+00   2.0692925e+00   9.7979652e+00   8.2217277e+00   1.2704485e+01   1.0200378e+01   1.1848421e+01   1.2896885e+01   1.6195814e+01   1.0767609e+01   5.2871308e+00   1.1706203e+01   2.2550339e+00   9.0789851e+00  -9.5305928e+00   8.9456106e+00   1.9445889e-02  -7.1350968e+00  -3.3196569e+00
  -8.2825338e-01   5.9299089e-01  -3.5473236e+00   3.8392372e+00  -2.7604639e-01  -3.1657201e+00   1.1186643e+00  -4.4784894e+00  -7.4263225e+00   5.8262070e+00  -5.7510288e+00   4.2448575e+00   9.0540741e+00   8.9270564e+00   1.9817967e+00   4.5379596e+00   9.2902344e+00   1.0289877e+01   8.7048284e+00   1.4664874e+01  -3.3612410e-01  -1.1738958e+00   6.1587305e+00  -5.4678527e+00   7.9615252e+00   3.6931566e+00   4.8234835e+00   4.0103835e+00  -5.8281560e+00   2.4516960e-01  -3.4228100e+00
   4.2133961e+00  -7.0673059e+00  -2.7575708e+00   1.0878594e+01  -1.9825756e+00   1.7719347e+00  -8.5006467e+00   1.6549680e+00  -5.7304933e+00   2.9915448e+00   5.1942408e+00   6.0436780e+00   1.5130989e+00   1.0316553e+01   5.9678573e+00   6.3320975e+00   1.2505219e+01   1.7981853e+01   4.4153565e+00   1.0089907e+01   4.3132981e+00   6.4256613e+00   1.5519925e+00  -4.5863609e+00  -2.7325100e+00   5.3631391e+00  -1.0743155e+01  -3.0467882e+00  -1.2181784e+00   4.2988547e-01  -5.7642360e+00
   3.6978843e+00   5.7602651e+00  -3.9837213e+00  -1.1218635e+00   3.9802157e+00   3.8045927e-01  -1.8838951e+00   4.9335979e+00  -2.0484352e+00   1.8249674e+00  -5.7796358e+00  -5.6867621e+00   7.7085455e-01   4.3272043e+00   8.9800012e+00   1.3332939e+01   6.4193186e+00   7.0315595e+00   9.0637439e+00   1.3797460e+01   6.5099831e+00   9.7771813e+00   8.4441925e+00   3.8060928e+00   3.0895311e+00  -1.3262167e-01  -8.2872341e+00  -9.1612573e+00   9.7757390e+00   3.1247352e+00   2.5991288e+00
