   0.0000000e+00   5.0000000e-01   1.0000000e+00   1.5000000e+00   2.0000000e+00   2.5000000e+00   3.0000000e+00   3.5000000e+00   4.0000000e+00   4.5000000e+00   5.0000000e+00   5.5000000e+00   6.0000000e+00   6.5000000e+00   7.0000000e+00   7.5000000e+00   8.0000000e+00   8.5000000e+00   9.0000000e+00   9.5000000e+00   1.0000000e+01   1.0500000e+01   1.1000000e+01   1.1500000e+01   1.2000000e+01   1.2500000e+01   1.3000000e+01   1.3500000e+01   1.4000000e+01   1.4500000e+01   1.5000000e+01
   2.7351662e+00  -1.2297682e+00   4.2914663e+00  -4.7232880e+00  -3.5843434e+00   1.9863893e+00  -3.0552390e+00   5.6474781e-02   2.7159050e+00   1.0602992e+01   9.6769300e+00  -7.3792188e+00  -3.4361493e+00   4.7262011e+00   4.7955625e+00  -6.1940384e-01   4.8981874e+00   5.0506891e+00   4.7138653e+00   7.9601282e-01   8.1220897e-01   4.2724667e+00   3.6287743e+00   2.7159582e+00   2.1343788e+00  -3.3988258e+00   2.1072228e+00  -8.8764661e+00   4.3671819e+00   1.3255708e-01  -2.0958305e+00
   1.0501566e+01  -4.6673254e+00   6.4992011e+00  -9.6674713e-01  -9.1242615e+00  -5.3311193e+00  -2.5546064e+00   1.4391808e+00  -9.2037015e-01   5.1578654e+00   4.5596629e+00   2.0988547e+00   4.3438004e+00  -2.9596319e-01   3.5456367e+00   6.8340240e+00   3.6667632e+00  -6.6029245e-01   4.8837345e+00   2.8240149e+00   1.5423359e+00  -3.5621219e+00  -7.0922874e-01   3.6574853e+00   1.3546226e+01  -4.5111067e+00  -1.5089150e+00   5.2083461e-01   9.0006741e-02   5.6172842e+00   1.7271909e+00
  -4.9921158e+00   9.8547102e+00  -1.7990494e+00  -2.8277199e-01  -1.8560600e+00  -2.7450267e+00   4.2058290e-01  -2.8067330e+00   3.8168429e+00  -5.2007762e+00  -7.1135926e+00   4.3111348e+00   1.7267776e+01   1.3805923e+00   9.5518035e-01   5.4477924e+00   7.3032831e+00  -5.6194070e-01   4.9217728e+00   1.4313462e+00   1.3133889e+00   4.3453969e+00   1.1250014e+01   5.7245837e-01  -1.3962523e+00   2.0921405e+00  -1.1539575e+00   4.7386151e+00   5.2942665e+00  -1.5175146e+01   4.0111251e+00
   1.4636026e+00   8.2689088e+00  -1.6977423e+01  -1.2526533e+00  -5.3040595e+00  -2.1787546e+00  -1.9999438e+00   5.0823910e+00  -1.8087437e+00   3.9363492e+00   1.2188697e+01   1.0270926e+01   1.8803912e+00   5.7913589e+00   1.1703491e+01  -1.3356647e+00  -3.3259278e-01   1.9987508e+00   2.8936718e+00   3.7882068e+00  -1.4352000e+00   9.2989945e-01   4.6206279e+00   3.7401951e+00  -3.6277799e+00   4.8061544e+00   5.7794212e+00  -4.3480518e+00   5.3298420e+00  -3.9348450e-01   5.0977173e-01
  -3.9879606e+00  -3.2392963e+00   6.5753851e+00   7.0561993e+00  -1.0440279e+01  -5.4334820e+00  -4.9704602e-01   4.5789751e+00   6.3566918e+00   3.3266453e+00  -2.0865546e-01   1.1508382e+01   6.1424212e+00   5.6228365e+00   2.0872271e+00   5.5328331e+00  -1.2237213e+00   5.2648498e-01   1.0211928e+01   1.7601600e+00   1.2557603e+01   5.5410980e+00   6.2732099e+00  -8.8321881e-01   5.4437992e+00   4.6037862e+00   4.7372203e+00   6.2883470e+00  -3.9683217e+00  -3.7897377e+00   6.6977478e-02
   5.0148265e+00  -2.2664490e+00  -4.6497582e-01   4.0069721e+00  -5.7998671e+00   7.0142687e+00   3.9025268e-01  -7.6991199e+00  -1.3532746e+00   8.3983565e-01   1.3942095e+00  -1.0317641e+00   5.3159798e+00   5.2133338e+00   1.9020927e+00   6.8492514e+00   1.3080930e+01   2.3509056e+00   7.4115578e+00   7.9005014e+00   6.6925047e+00   8.1360671e+00  -2.2561522e+00   2.4504272e-02  -5.1137392e+00   1.2319689e+01   2.1339820e+00   7.3518906e+00  -2.0106864e+00   1.2899944e+00  -8.0131230e+00
  -3.3673067e+00  -2.7517884e+00   2.8086380e+00   1.5078174e-02   1.5440727e+00  -1.6076700e+00  -8.3496481e-01   2.7456972e-01   3.3791308e+00   3.2725837e+00   2.8446991e+00   9.7627464e-01   2.0749334e+00  -3.3357119e+00   2.7925937e-01  -4.1909455e+00   3.5018822e+00   1.0020023e+00   1.2584765e+00  -1.2574724e+00   1.5100021e+01   1.1327108e+00  -2.7405639e+00   6.6347152e+00   6.3211110e-01   4.1141728e+00  -3.3778875e-01  -8.2913433e-01  -2.6212684e+00  -4.6654412e+00  -3.9101796e+00
  -5.0387090e+00  -7.2098182e+00   7.6971531e+00   6.6652131e+00  -5.6777363e+00   4.6778029e+00   7.1705261e-01   2.9255518e+00   2.4195517e+00   4.3400871e-01   6.4079031e+00  -3.6563711e-01   5.3578300e-01  -2.5174437e+00   7.8759075e+00   1.1369471e+01   1.0824137e+01   4.7753754e+00   1.0934164e+01   8.9633571e+00   6.6726817e+00  -1.1367031e+00  -4.7717781e+00   9.0162462e-01   3.4433847e+00   5.4727115e+00   3.7643981e-01   6.5917877e+00   5.9772422e+00   4.9496609e+00  -1.2855258e+00
   5.3804262e-01  -6.0223449e+00  -8.7936475e+00   4.8407447e+00  -1.2358386e+00  -6.2843519e+00  -4.3803540e+00   1.4689570e+00  -2.5260026e-01   1.1852318e+00  -5.6264892e+00  -1.1883458e+00   5.5547683e-01   6.0697486e+00   1.7683691e+00   9.0547048e+00   4.6439003e+00   3.8377293e+00   4.9166588e+00   6.7698606e+00   1.2726129e+01  -5.2945435e-01   2.0575143e+00  -1.8214326e+00   3.5047196e+00  -1.3427826e-01   3.8124503e+00  -6.9452481e+00  -4.3480385e-01   1.7654230e+00  -5.3107997e+00
  -2.2676141e+00   7.6943937e+00   2.9477549e+00   2.5997624e-01   2.2568934e-01  -5.5512622e-01  -6.9215666e+00  -7.4737631e+00   1.5872512e+00  -6.7107061e-01   1.3000952e+00   2.6842443e+00   1.2786166e+00  -1.6728974e+00  -2.6728089e-01   9.7029836e-03  -1.0115226e+00   6.3017031e+00   6.1435170e-01   2.6344748e+00   6.2968355e-01  -5.4723592e+00  -3.8745178e+00   3.6052043e+00   9.0442056e+00   2.8876286e+00   4.3257282e+00   2.7919338e+00  -3.0720936e-01   5.0682549e+00  -3.2391685e+00
