   0.0000000e+00   5.0000000e-01   1.0000000e+00   1.5000000e+00   2.0000000e+00   2.5000000e+00   3.0000000e+00   3.5000000e+00   4.0000000e+00   4.5000000e+00   5.0000000e+00   5.5000000e+00   6.0000000e+00   6.5000000e+00   7.0000000e+00   7.5000000e+00   8.0000000e+00   8.5000000e+00   9.0000000e+00   9.5000000e+00   1.0000000e+01   1.0500000e+01   1.1000000e+01   1.1500000e+01   1.2000000e+01   1.2500000e+01   1.3000000e+01   1.3500000e+01   1.4000000e+01   1.4500000e+01   1.5000000e+01
  -7.3480918e-01   1.2417359e+00   2.5040570e+00   8.4951688e+00  -7.0903006e-02   5.2456766e+00   6.5789197e+00   7.7119907e+00  -1.6015411e+00   4.6593388e+00   4.8895497e+00  -1.3891853e+00  -2.5644613e-01   8.5473162e+00   2.0741714e+00   4.2324593e+00   2.2706458e+00  -1.7688908e+00  -1.7582610e+00   2.9544993e+00  -4.2492828e+00   4.2320074e+00   3.0487605e+00  -3.9861824e+00  -1.2575713e+00  -5.8999633e+00  -1.0990976e+01   4.9421752e+00  -2.5880588e+00   1.6392326e+00   1.1713605e+00
   5.4254175e-01  -4.3702106e+00  -3.8057185e+00  -5.9451835e-01  -4.2454604e+00  -3.1500072e+00   9.9460763e+00   3.2862602e+00  -2.7276697e+00   3.3930274e+00  -1.9415800e+00  -3.0967561e+00   2.1482695e+00   7.9031687e+00   3.3748920e+00   5.5653944e+00  -4.0083866e+00  -8.9459062e-01  -2.7259427e-01  -5.3295285e+00  -6.0969488e+00   4.9821869e+00   2.6018172e-01  -3.1033400e+00   4.0991069e+00   1.1970519e+00  -4.9281712e+00   6.7084167e+00   1.4526267e+00   7.3969801e+00   5.6912155e+00
  -2.9854819e+00  -5.8101685e+00   5.6538040e-01  -3.7536677e-01  -2.5341675e+00   4.6183557e+00   1.0026129e+01   2.7516153e-01  -8.7487327e-01   2.3674804e+00   7.0152601e+00  -6.2135523e-01  -2.5527964e+00   2.5364943e+00   2.4051998e+00   4.7095346e+00  -1.1467443e+00   6.6009656e-01  -1.1341542e+00   3.3958077e-01   8.1759975e+00  -2.7063150e+00  -6.5328561e+00   2.4693047e+00  -4.4473718e+00   2.1832001e-01  -3.1170289e+00   2.6874780e+00   2.7695341e+00  -1.0160576e+00  -1.0270548e+01
   1.0980147e+00   8.6142152e+00   6.0220707e+00  -6.6243849e+00   1.2906611e+00  -1.2787769e+00  -2.5390886e+00  -3.1642264e+00   4.8029526e+00   1.4526480e+00   3.9791453e+00   1.8102638e+00   1.1289108e+00   4.9906444e+00   6.3730846e+00   1.2843858e+01  -4.9557785e+00  -3.7046154e+00   6.2287765e+00  -1.2127659e+00  -6.4060920e+00   1.9038125e+00   7.9701701e+00   3.6618585e+00   9.8573867e+00   2.5616336e+00   9.3432723e+00  -1.6885707e+00  -5.6937805e+00  -1.0532226e+00   5.9523001e+00
  -5.1458327e+00   3.8258824e+00  -2.0770489e+00   4.0335512e+00  -3.8152316e+00   2.5594603e+00  -7.4391400e+00   5.4210141e-01   5.6691576e+00   1.9941396e+00   9.8829176e+00   4.9323336e-01  -8.1722780e+00  -3.0223412e+00   8.0099118e+00   1.7169369e+00   3.7268284e+00   6.1294339e+00  -9.5625279e+00  -2.4871627e+00  -3.0212725e+00  -4.7645868e+00  -7.0645210e-01   7.7274553e+00  -1.2173088e-01   6.1761618e+00  -3.4603968e+00   4.8110635e-02  -3.9093487e+00   2.9370876e+00  -1.2549615e+00
   2.8358902e+00   3.9902869e+00   5.3840580e-01   5.7234907e+00   1.3230408e+01   4.7527008e+00   2.5247400e+00   7.5732451e+00   3.6386209e+00  -1.9361865e+00   6.1276279e+00   3.6246063e+00   2.0726883e+00   9.5181038e+00   1.2048673e+01  -3.2973968e-01   2.3478325e+00  -2.6298104e+00   4.4417984e+00  -1.1086717e+01   5.4508105e+00   1.4205949e+00   1.5122695e+00   6.1896116e+00  -1.3028720e+00  -6.2675044e-01  -6.3318738e+00  -8.3075441e+00  -3.5126548e+00   1.4067972e+00  -2.7049712e+00
  -6.2324426e+00   6.0129431e+00  -2.6304155e+00   1.2211998e+00   1.6798855e+00   8.8232595e-01   4.5665532e+00   1.6874742e+00  -4.9611368e+00  -1.5457125e+00   4.9156129e+00  -2.6333189e+00   1.7178617e+00  -1.5710195e+00  -3.1411315e+00  -2.8226516e+00  -1.7762342e-01   2.2767636e+00   4.5901303e-01   6.0568276e+00  -7.2669534e-01  -7.2615963e+00   2.5262804e-01   4.7925342e-01   1.6531420e+00   2.5380502e+00   6.4110479e+00  -2.7285925e+00   1.3091585e+00  -6.3488574e-02  -2.9002446e+00
   1.1116753e+01  -6.3857386e-01  -6.1176307e+00   1.0128132e+01   3.3117006e+00  -3.4656905e+00   5.6854273e+00   9.3564502e+00  -1.1212950e+00   4.2750402e+00   3.0049393e+00  -2.1673448e+00   9.3723753e+00   3.0586932e+00   5.4127634e+00  -1.2990863e+00  -1.4470867e+00   2.9802491e+00   1.5736759e+00   9.9773130e+00  -8.7529223e-01   1.1388870e+01   7.7465860e+00  -9.6030039e+00  -8.3322510e+00  -2.8287489e+00  -9.0845545e-01   5.5158781e-02   4.1898660e+00  -3.6089586e+00  -3.6063770e+00
  -5.7069394e-01   5.4719091e-01   2.3244618e+00   6.5691017e+00   4.7923371e+00  -6.6235691e+00   6.0704144e+00   7.0649703e+00   6.5406423e+00   1.0149565e+01   5.3356269e+00   2.8466582e-01   2.7071401e+00  -9.1092473e+00   5.0980980e+00   2.8677851e+00  -1.1248089e+00  -1.8651031e+00  -4.3637038e+00   4.9757756e-01   2.3969588e+00  -1.3257059e+00  -2.2955340e+00  -5.7503941e-02  -8.0333872e-01  -4.7474036e+00   6.4833667e+00   2.2150364e+00   6.4098213e+00  -2.4862542e+00  -5.5925078e+00
   4.4734592e+00   8.5550961e-01  -2.8510312e+00   8.3198189e-01  -8.3602809e+00   7.5490976e+00  -2.3222762e+00  -4.3490218e-01   1.0056315e+01  -9.4705278e-01   1.6358507e+00   1.1188157e+00   1.1552517e+01   3.5403450e+00  -2.6736126e+00  -3.3395322e+00   1.0509092e+01   1.1095728e+01   9.2149466e+00  -5.5434689e+00  -5.6745139e-01  -6.6856091e-01   1.7414531e+00  -2.7392382e+00  -4.8177789e+00  -2.1951252e+00   5.4310867e+00   1.1873728e+01   1.1515582e+00  -1.3307209e+00   3.5094363e+00
