   0.0000000e+00   5.0000000e-01   1.0000000e+00   1.5000000e+00   2.0000000e+00   2.5000000e+00   3.0000000e+00   3.5000000e+00   4.0000000e+00   4.5000000e+00   5.0000000e+00   5.5000000e+00   6.0000000e+00   6.5000000e+00   7.0000000e+00   7.5000000e+00   8.0000000e+00   8.5000000e+00   9.0000000e+00   9.5000000e+00   1.0000000e+01   1.0500000e+01   1.1000000e+01   1.1500000e+01   1.2000000e+01   1.2500000e+01   1.3000000e+01   1.3500000e+01   1.4000000e+01   1.4500000e+01   1.5000000e+01
   9.3728389e+00  -6.6857245e-01   1.0511919e+00   5.4484712e-01  -3.9105395e+00   7.0795482e+00   3.1200752e+00   2.0421510e+00   1.3362188e+01  -4.2357719e+00   9.6014775e+00   1.2795186e+01   3.3533606e+00  -5.9048303e-01   1.1867489e+01  -1.8730061e+00   3.6628569e+00  -2.9108030e+00   1.0725843e+01   2.1264291e+00   3.8313249e+00  -8.3144565e-01   8.9898315e+00   2.5173462e+00   4.2768363e-01   7.3702352e-01  -2.5501253e+00   1.3905723e+00  -1.6061733e+00   7.5680986e-01   1.6681479e+01
  -1.3341629e+00  -2.0522151e+00   6.6334999e+00   2.3505252e-02   1.2292652e+00  -9.0895971e+00   7.1137858e+00  -2.3646360e+00   6.6380929e+00   7.5610676e+00   8.3358089e+00   3.2355750e+00  -5.2819241e-01   6.1485506e+00   9.0438131e+00  -3.2439210e+00  -6.5617442e+00  -3.5625950e+00  -2.1447193e+00   9.3231837e+00  -1.3431325e+01  -4.9280319e-01  -1.1555997e+00  -2.5651798e+00  -3.5509751e+00  -4.8885056e+00   6.4884638e+00   2.2700144e+00  -4.0615067e+00  -3.4051449e+00  -3.4297422e+00
   4.9097724e+00   1.3107385e+00   3.2746184e+00  -6.3202939e-01  -1.7378633e+00   9.2700004e+00   2.8218728e+00   9.3477808e+00   6.6851306e+00   6.3920827e-01   1.1113531e+01   5.2527095e+00   7.8832959e+00  -6.0097624e-01   2.6615617e+00   4.5245062e+00   3.3663958e+00   1.5349687e+00  -3.1242088e+00   5.2297109e+00  -2.4254791e+00  -2.6313670e+00  -1.3796554e+00   4.7189873e+00   3.9021578e+00  -2.5680936e+00   8.5322734e-01  -2.3828740e+00  -5.3270354e+00  -1.5553688e+00   4.4324665e+00
   2.3794215e+00   1.8240776e+00   1.1114887e+01  -4.1161512e+00   1.6329146e-01  -7.0766457e-01  -3.0764447e+00   1.0530204e+01   1.1621790e+01   2.4431230e+00  -4.4899668e+00   1.1643496e+01   2.2729004e-01   9.2340067e+00   9.0041699e+00   2.8687266e+00  -6.6170156e+00   2.3333750e+00   4.1678310e+00   1.0388164e+01  -4.8682188e-01   3.6289121e-01   4.7166297e+00   3.5896414e-01   3.6229753e+00   7.7798017e+00   4.5318729e-01   5.7826323e+00   1.7261889e+00  -8.2126340e-01   2.7521242e+00
  -1.1566997e+00   6.3474264e+00   1.3520515e+00   5.0773038e+00  -7.4465388e+00   7.7029505e+00  -1.0201668e+00  -3.7354406e-01   5.8916962e+00   1.0842973e+01   1.0390285e+01   4.1579359e+00   1.0188419e+01   1.4975304e+01  -9.8083433e-02   1.9198486e+00  -3.3282945e+00  -4.9350987e-01  -2.7143501e+00  -3.8374390e+00   8.8794025e+00   5.9229099e+00  -4.5413906e+00  -9.0408600e-02   7.3372456e+00   1.8082904e+00   6.8677630e+00  -8.0385045e+00   1.9966047e+00   2.9330855e+00  -3.8229903e+00
   9.1947244e+00   4.1364246e+00  -8.9133150e+00  -4.4984993e+00   9.2090477e+00   3.6449710e+00   9.9582137e+00   3.7276126e+00   6.7137259e+00  -2.3948698e+00   1.8323203e+00   2.7547307e+00   9.8192737e+00   1.4682759e+00   3.9468202e+00   2.9668156e+00  -8.2041432e-01   7.7215144e+00   8.5950834e+00   2.6752310e+00   3.7725374e+00   4.2570300e+00  -5.9058306e+00   6.5658397e+00  -9.7109118e+00  -4.8977714e+00  -2.8356681e+00   2.0239769e+00   1.6813182e+00  -2.9110614e+00  -6.6186524e+00
   4.1059946e+00  -1.5431742e+00   5.1353443e+00   5.1378110e+00   9.2712835e+00  -1.9870896e+00   2.7848109e-02   6.0573202e+00  -1.1173712e+00   1.2346277e+00   4.1388701e+00   2.9642158e+00   7.9634798e+00   2.6958050e-01   5.9054045e+00  -8.9023731e-02  -2.4063496e+00   1.0277215e+01   1.0830035e+00   3.8790440e-01  -2.2082891e+00  -1.3886753e+00   5.7148842e+00  -3.2936679e+00  -4.2827498e+00  -1.9006020e+00  -7.8578228e+00   1.6128915e+00  -3.3017155e+00   1.1209962e+01   4.0899176e+00
  -3.8570325e+00   1.1692860e+01   2.1986322e+00  -6.5860776e-01  -7.4820956e-01   4.1349373e+00   3.5377267e+00   8.6889492e+00   4.8676356e+00   5.2836146e+00  -1.6076888e+00   3.5327666e-01   1.9146122e+00   1.1978533e+01  -5.5041293e+00  -2.3069883e+00   3.7940725e-01   6.9304747e-01  -2.7787270e-01  -5.6412712e+00   1.3375693e+01   5.8042448e+00  -9.4425819e+00  -2.6320113e-01   9.2256851e+00   2.7034228e+00   1.8734059e+00   2.7486009e+00  -5.7085277e-01  -4.8086848e+00   3.8505209e+00
   1.2966532e+01  -5.5401190e+00   3.6099417e+00   5.4677697e+00   8.0504030e+00   4.0304536e+00   7.3694860e+00   1.4786655e+01   5.1831075e+00  -2.4001246e+00  -4.0569013e+00   4.4033689e-01   7.4037692e+00   7.0306510e+00   7.2813805e+00   9.3904020e-01  -5.7156835e+00   7.1656218e+00   2.6428891e+00  -1.2328438e+00   5.4697139e+00   3.8415946e+00  -2.3846322e+00   3.1716902e+00   1.5512155e+00   9.2825713e-02  -1.0624476e+01  -5.0538525e+00  -2.9696492e+00   5.6217688e+00   5.0180910e-01
   2.3420233e+00  -2.0759552e+00  -4.2962810e+00   5.5209243e+00   6.2915551e+00   1.2910981e-01  -9.3318115e-02   3.5166281e-01   3.1947694e+00   9.3743372e+00   5.7286328e+00  -2.4396120e+00   4.4905831e+00   9.1841119e+00   4.8304681e+00   5.7071660e+00   8.3240227e+00   3.2617212e-02   7.0955092e-01   2.9634065e-01   9.4337039e-01   3.3932624e-02   8.7128860e-01   6.2172719e+00  -6.0222122e+00  -3.7816507e+00  -2.7866667e+00  -1.8565778e+00  -4.1451640e+00  -7.1874905e+00  -8.5874928e-01
