   0.0000000e+00   5.0000000e-01   1.0000000e+00   1.5000000e+00   2.0000000e+00   2.5000000e+00   3.0000000e+00   3.5000000e+00   4.0000000e+00   4.5000000e+00   5.0000000e+00   5.5000000e+00   6.0000000e+00   6.5000000e+00   7.0000000e+00   7.5000000e+00   8.0000000e+00   8.5000000e+00   9.0000000e+00   9.5000000e+00   1.0000000e+01   1.0500000e+01   1.1000000e+01   1.1500000e+01   1.2000000e+01   1.2500000e+01   1.3000000e+01   1.3500000e+01   1.4000000e+01   1.4500000e+01   1.5000000e+01
  -2.9147346e+00   1.1609481e+01   3.9928373e+00  -3.8300306e+00   1.0273476e+01   7.6360756e+00   2.4821108e+00   1.4893761e+01   1.0795769e+01   7.4713079e+00  -1.3498506e+00   2.2458982e+01  -2.1668096e+00  -1.0127640e+00   3.3035186e+00   4.2135059e+00   1.0244076e+01  -2.2936511e+00   1.1716434e+01   8.9822438e+00  -2.5813423e+00  -4.1584994e-01   5.0220608e+00   1.1933210e+00  -1.2153350e+00  -3.7246472e-01   3.4793528e+00   1.4850823e+01  -2.3420695e+00  -5.0453345e+00   2.1016739e+00
   1.7558884e+00   7.0692506e+00  -5.2362537e-01  -1.7621122e+00   3.4199625e-01   1.4485177e+01   1.0088477e+01   1.4389405e+01   1.1377581e+01   1.0012373e+01   7.3773590e+00   8.1935515e+00   8.6673672e+00   1.4860335e+01  -2.1322514e+00   1.8382418e+01   6.6929613e-01   3.9610616e+00   6.9704897e+00  -9.8399931e+00   7.6587930e+00   2.4662682e+00  -5.5463796e+00   2.8548568e+00   2.9940779e+00  -6.4475288e+00  -6.8690696e+00   1.1587939e+01   1.4666277e+00   5.5168085e+00   8.3384702e+00
   2.8733407e+00  -3.8140554e+00  -5.6386898e-02  -7.1302189e+00   5.3434338e+00   4.6989516e+00   5.6000673e+00  -6.7625655e-01   1.7640526e+01   1.3961361e+01   1.1907068e+01   9.3489425e+00   1.0816366e+01   1.3134601e+01   1.5319188e+01   6.7824825e+00  -5.6614439e+00   9.3454633e+00  -9.3844924e+00   1.4026382e+00   6.1490922e+00   1.3489518e+01   3.6055260e+00  -6.0036987e-01  -1.1093013e+00  -2.3030025e+00   3.5295476e+00   1.4678788e+00   4.3392308e+00   5.4507331e+00  -2.7289426e+00
   5.5046321e+00  -6.0697113e+00   7.1480287e+00   6.5698839e-01   7.0022205e+00   3.1364920e-01   5.6805099e+00   7.2595082e+00  -1.2583440e+00   6.9875410e+00   5.1301463e+00   1.1244087e+01   9.0120678e+00   7.2344303e+00   1.6803616e+01   1.2010389e+01   2.6812839e+00  -1.0194278e+00   3.8641972e+00   5.8981367e+00   6.3475699e+00  -6.9454662e-01   5.9723602e-01   1.1058385e+00  -2.1327279e+00   2.7456230e+00  -7.1676434e+00  -4.1126506e+00  -1.0504653e+00  -2.3091511e-01  -5.1876044e+00
   7.6080736e+00  -2.9462619e+00   2.8951229e+00  -3.9083090e+00  -2.7676448e+00   9.0398423e+00   1.4460353e+01   7.2881457e+00   1.2998841e+01   1.1713084e+01   6.3962569e+00   9.0107532e+00   3.4349508e+00   1.4546222e+01   1.3212207e+01   1.5365360e+00   1.1828003e+01   5.6076018e+00   4.6822994e+00   5.4339006e+00   6.6175559e+00  -3.4657124e+00  -8.3370633e-01   5.1998621e+00  -1.0115760e+01  -3.7392971e+00   2.7485152e+00  -3.3535995e+00   2.1924648e+00  -5.5619169e+00  -2.2208163e+00
   2.3728950e+00   2.8963205e+00   4.1504740e+00   1.0017628e+01   8.7284899e+00   6.6264663e-01   7.0325076e-01   1.4350469e+00   6.6995753e+00   1.5431198e+01   6.0471467e+00   9.0231788e+00   1.2600086e+01   1.0015270e+01   5.3446325e+00  -2.7118502e+00   1.0970841e+01   4.9930358e+00   5.6169293e+00   3.9156397e-01   3.2503078e+00   8.0263627e+00   9.4597607e+00   2.1373048e+00  -5.2046381e+00   4.9617828e+00  -4.5964743e+00   8.7947824e+00  -2.2452978e+00   1.6913290e+00   3.5204521e+00
   3.4064885e+00  -5.9796104e+00  -2.2601220e-01   1.3669265e+00   6.3971711e+00   6.9743862e+00   6.0790029e+00   5.0896095e+00   1.0908642e+01   1.2135167e+01   1.1222611e+01   8.7581020e-01   1.2659679e+01   6.2286760e+00   8.5098182e+00   4.1207423e+00   3.9481552e+00  -4.7937707e+00   9.8843128e+00   3.3335783e-01  -1.1411272e+00   6.1965728e+00   6.4371041e+00   7.8565200e+00   1.2243722e+00  -3.2656557e+00  -6.9128895e+00   7.5451678e+00  -5.7665517e+00  -3.1172445e+00   1.6297998e+00
   2.7815472e+00   8.6272067e-01   7.0142097e-02   1.5965742e+00   3.8889759e+00   5.5819956e+00   2.6469091e+00   7.4036430e+00   1.5527639e+01   8.1219587e+00   1.3802322e+01   7.9565365e+00   8.3283861e+00   8.8721818e+00   9.8090818e+00   4.3192521e+00   4.0701949e+00   7.3694648e+00   2.0115123e+00   3.7942600e+00   4.1238778e+00   5.5884242e+00  -1.6177427e-01   2.8670520e+00   5.3867582e+00   6.4539938e+00  -3.4972591e+00   1.2490981e+01   8.2760435e+00  -3.1662108e+00  -1.8679179e+00
  -2.5919735e+00   1.1279193e+01  -1.6250082e+00   5.8480642e+00   1.1658976e+00   4.9720988e+00   3.7422928e-01   5.9060667e+00   1.0955096e+01   1.2447548e+01   6.5660254e+00   6.6481789e+00  -2.2020403e+00   3.9525370e+00   1.8457146e+01   4.9889671e+00   9.3492549e+00   5.0787062e+00   1.0401351e+00   4.8317990e+00  -1.7935293e-01   2.1404874e+00   1.9650001e+00  -4.9151384e+00  -1.9829483e+00   6.6136820e+00   1.8272473e+00   3.6021827e+00   1.1280465e+01   3.2333492e+00  -3.8028160e+00
   4.4404558e+00   3.1405056e+00   1.4504251e+00   5.4913070e+00   6.1773256e+00   4.6552512e+00   1.0304363e+01   7.4018109e+00   2.2179589e+01   1.4759489e+01   7.4028535e+00   2.4834804e+00   1.1857139e+01   5.1141602e+00   1.2756163e+00   5.9190547e+00   8.1552343e+00   3.1926348e+00   8.8226449e+00   2.8719342e+00   2.1647477e+00   4.8676422e-01  -2.4740019e+00   3.2363901e-01   7.2877158e+00  -2.2892629e+00   5.1071905e+00  -3.9657561e+00   8.0603178e-01   2.2111743e+00   3.2359623e+00
