   0.0000000e+00   5.0000000e-01   1.0000000e+00   1.5000000e+00   2.0000000e+00   2.5000000e+00   3.0000000e+00   3.5000000e+00   4.0000000e+00   4.5000000e+00   5.0000000e+00   5.5000000e+00   6.0000000e+00   6.5000000e+00   7.0000000e+00   7.5000000e+00   8.0000000e+00   8.5000000e+00   9.0000000e+00   9.5000000e+00   1.0000000e+01   1.0500000e+01   1.1000000e+01   1.1500000e+01   1.2000000e+01   1.2500000e+01   1.3000000e+01   1.3500000e+01   1.4000000e+01   1.4500000e+01   1.5000000e+01
   4.7342220e+00   1.4622073e+00   4.4545058e+00   7.1760707e+00   5.8507177e+00   1.3326258e+01   7.4205509e+00  -7.3952006e-01   5.9201824e+00   3.2215807e+00   6.4467200e+00   2.0654557e+00   6.1561158e+00   6.7823420e+00   8.3423719e+00   3.2531507e+00   2.4129880e+00   5.0788114e+00   1.0391156e+01   2.1156803e+00   1.0006651e+01  -1.5221979e+00   6.7412225e+00   9.3117083e+00   6.6116922e+00   5.9969029e-01   9.1190297e-01  -1.5831805e+00  -7.2959061e-01   8.1513826e+00   1.7413592e+00
  -3.3705884e+00   4.7708722e+00   4.1030555e+00   4.2391072e+00   3.9864136e+00   9.0028545e+00   8.5046391e+00   2.8783824e+00   6.1696786e+00   7.6747630e+00   3.6472618e+00   3.3668004e+00   8.6342446e+00   1.2162564e+00   1.1041610e+01   1.8653495e+01  -3.1447403e-01   4.9576209e+00   1.2560204e+01  -1.9345160e+00  -2.9578639e+00   2.4254803e+00  -2.1763940e+00   3.6941126e+00  -4.8589046e+00  -3.8493121e+00  -3.7197196e-01   9.6601102e+00   5.7408881e+00   4.1417528e+00   1.1295282e+01
   3.2646181e+00   7.5669873e-01   5.3595302e+00   1.7146945e+00   3.6629361e+00   7.5229684e+00   9.4576947e+00   4.5222955e+00   6.2706473e+00   1.4463991e+01   8.8426113e+00   4.0760871e+00   6.2285242e+00   8.8947468e+00   7.3996239e+00  -2.6157280e+00   1.7530634e+01   2.6879685e+00   6.6295118e+00   6.9067992e+00  -3.0383146e-01  -5.5895400e+00  -3.3196219e+00   1.9839607e+00  -2.3358388e+00   7.8068941e+00  -9.0080296e-01   5.1503616e+00  -3.2323280e+00  -4.5284949e+00  -2.6873306e+00
   2.3717354e+00   6.2251298e-01   5.6218778e+00   6.7477952e+00   1.2804543e+00   2.1129527e+00   3.9126021e+00   6.0885159e+00   8.8592802e+00   6.5230869e+00   4.3801355e+00   3.2146543e+00  -2.8865489e+00   5.6829065e+00   1.8465983e+00   4.9797004e+00   7.7461822e+00   2.6666577e+00  -9.0080227e+00   5.0943553e+00  -1.0878668e+01  -2.0928113e+00  -6.6375230e+00   7.1681267e+00  -7.5178969e-01   6.3298964e-01   8.0160009e+00   4.4555964e+00   5.1430074e+00   2.1968620e-01   2.7538317e+00
   2.3056955e+00   8.3704037e+00  -9.5202654e-01   1.3812897e+01   6.2743535e+00   7.5521199e+00   4.5480789e+00   1.0159472e+01   7.0853131e+00   1.2192737e+01   6.1709289e+00   4.5837494e+00   3.9945418e+00   9.6181332e+00   2.0820746e+00   5.5457354e+00  -4.2282558e+00  -3.4601498e+00   2.9138525e+00  -1.0160727e+00   3.3488262e+00  -2.1920879e+00   8.2423456e+00   5.8702491e+00   9.9910443e+00   6.0114963e+00   6.7469096e+00   9.3954667e+00  -3.1535406e+00   1.1169524e+01   1.7093492e+00
   9.2443979e+00   3.5040377e+00   7.8227044e-01  -1.4179416e-01   3.5950435e+00   1.6383821e+00   4.8039914e+00   8.4820381e+00   1.0301648e+01   1.4927823e+01   6.2007546e+00  -6.4027958e-01   1.0199309e+01   5.8027380e+00  -1.1202395e+00  -4.6174819e-01   6.6308864e+00  -2.6704252e+00   4.8294552e-01  -3.8136698e-01  -4.6130464e+00  -1.1733753e+01  -3.8874588e-02   1.2283711e+00  -1.4831689e+00  -2.5172747e-01   1.6306725e+01  -1.2473884e+00   4.3856181e+00   7.2135491e+00   3.7447604e+00
  -2.3807171e+00   1.0316764e+01   3.5648644e+00  -1.6516038e+00   6.4889684e+00   2.9163319e+00   6.6419512e+00   1.4701530e+00   1.0746602e+01  -3.4480038e+00   8.9486486e+00   8.3688358e+00  -6.6705511e+00   8.7079697e+00   9.6563071e+00  -2.8903175e+00   4.1263616e+00   5.9868239e+00   2.4263542e+00  -6.9186380e-01  -9.8797313e+00   2.1552748e+00   2.7978637e+00  -3.1720995e+00  -2.7341202e+00  -4.5705303e+00  -1.4369123e+00   2.5597252e+00   7.4810585e-01  -2.6893744e+00   4.2281681e+00
   9.8543560e-01  -3.6244173e+00  -5.7270486e-01   5.0491540e+00   6.2777184e+00   7.0855074e+00   2.5816067e+00   1.0993679e+01   1.9967336e+00  -2.6352072e+00   7.9544098e+00   6.4466593e+00   6.7768854e+00   3.8576408e+00   4.9858371e+00   3.4356639e+00   9.0421561e-01   7.7685253e+00   3.3476755e+00   5.1846238e+00   2.1420956e+00  -2.1564879e+00  -6.3013966e+00   5.0200239e+00  -2.1014473e+00   9.5010883e+00  -8.8429579e+00  -5.4240402e+00  -3.8194268e+00  -4.8880075e+00   9.7914303e-01
   5.3522254e+00   1.2740313e+01  -6.9655690e+00   2.5383937e+00   1.3432868e+01  -3.1212560e+00   1.2297463e+00  -4.9561370e-02   1.0567513e+01   8.2464794e+00   2.5813106e+00   5.8841960e+00   1.0979542e+01   1.1338256e+01   7.0534135e+00   8.7257983e+00   1.0352109e+01   7.7896030e+00  -2.7568932e+00   2.6381478e+00   5.7954350e+00  -3.4858110e-01  -4.7129916e+00  -4.5043903e+00   3.9073797e+00   2.0762967e+00  -2.9411427e-01   3.9406265e+00   6.2993180e+00  -9.7899333e+00   3.9198352e+00
   3.3457526e+00   8.0824550e+00  -1.3248353e+00   8.2914709e+00   1.6601509e+01   5.4479612e+00   7.0670766e+00   1.3607036e+01   9.3593894e+00   3.5819792e+00   5.5318981e+00   9.1019943e+00   6.6137118e-02   3.2186402e-01   7.7280525e+00   4.1610378e+00  -2.7749303e+00  -3.0233722e+00   7.0131949e+00  -1.5294150e+00   1.2705462e-01  -7.3994456e-01  -1.6914295e+00   3.0580196e-01   1.6792654e+00   3.4087602e+00   3.5960790e+00   5.4080262e+00   6.9351012e+00   1.3839774e+00  -1.0630010e+01
