   0.0000000e+00   5.0000000e-01   1.0000000e+00   1.5000000e+00   2.0000000e+00   2.5000000e+00   3.0000000e+00   3.5000000e+00   4.0000000e+00   4.5000000e+00   5.0000000e+00   5.5000000e+00   6.0000000e+00   6.5000000e+00   7.0000000e+00   7.5000000e+00   8.0000000e+00   8.5000000e+00   9.0000000e+00   9.5000000e+00   1.0000000e+01   1.0500000e+01   1.1000000e+01   1.1500000e+01   1.2000000e+01   1.2500000e+01   1.3000000e+01   1.3500000e+01   1.4000000e+01   1.4500000e+01   1.5000000e+01
  -1.5332301e+00  -6.4599883e-02  -6.5299149e+00  -5.0733729e+00   3.8577700e+00   1.2912299e+00   3.3727520e+00   2.4237587e+00   5.4132812e-01  -2.7380785e+00  -9.9735915e-01   6.6552397e+00  -1.2557658e+01   2.6061979e+00  -5.7295649e+00   1.9543501e+00   3.4089290e+00  -2.1721095e-01  -5.7503006e+00   5.7530191e+00   6.9442752e+00   3.6816016e+00  -1.4026722e+00   6.2330814e-01   8.3516042e-02   1.3968777e+00  -1.5031949e+00  -5.5727774e+00  -1.3194298e+01  -7.0944898e+00   4.0960652e+00
   9.4033176e+00   4.2979909e+00   2.0104030e+00   1.3750488e+00  -1.1114310e+00  -8.3639312e+00  -5.4416147e+00   4.7757613e+00  -1.3059149e+00   4.5356409e+00  -4.6076675e+00  -3.0805305e+00  -3.1466911e+00   7.5199977e+00  -6.1128977e+00   4.3912236e-01  -6.0258749e+00   8.6058964e-01   6.1641475e-01   1.1761624e+00  -5.5229813e+00  -1.7987559e+00   1.2287463e+00   3.1100270e+00   8.3991816e+00   3.1691052e+00  -6.5484245e+00  -5.4672334e+00   7.3588462e+00  -8.4653343e+00  -8.4419381e+00
  -2.9412454e+00   4.1107784e+00  -4.3807807e+00  -7.0883037e+00  -1.7897578e+00   4.4462648e+00  -8.9626573e+00   2.7574844e+00  -6.8975629e+00   6.6194941e+00  -4.4247378e+00  -3.7091954e+00   2.5738706e+00  -1.7210996e+00   5.1735192e+00   3.9495461e+00   9.4257004e+00  -1.2537647e-01  -6.6331483e+00   9.2425282e+00  -1.7871274e+00  -2.4734364e+00   3.1305302e+00   1.1150906e+01   1.0783970e+01  -3.9604754e+00  -5.2645989e+00  -6.1192781e+00   4.3568738e+00  -7.4211959e+00  -5.6108747e+00
  -3.7454347e-01   2.3451286e+00  -4.9709857e+00  -4.1598533e+00  -6.2570560e-01  -4.1293723e-01  -1.6227313e+00   7.9324421e+00   4.6021706e-01   2.9324900e+00   2.2663790e+00  -1.4628832e+00  -7.4822235e+00   3.5202551e+00  -8.0726696e+00   2.3330067e+00   4.0641323e+00   4.8877618e+00   3.1280591e-02   1.1741643e-01   9.7999332e+00  -2.4107387e+00   1.0271819e+01  -2.9914483e+00   6.3329896e+00   1.8552344e+00  -4.8141561e+00  -1.2519370e+01  -4.4797993e-01   4.6011743e+00  -2.3834617e+00
  -3.1904031e-01  -4.6978875e-01  -4.7761763e+00   4.0824586e+00   3.7576631e+00  -1.5886379e+00  -6.3787596e+00   4.5823987e+00   4.6180599e+00  -1.4216452e+00  -6.4439329e+00  -7.8284464e-01  -4.6500501e+00  -3.0488231e+00   5.3588027e+00   5.0068085e+00   7.2153094e-01   2.1865474e+00   1.5771803e+00  -3.3371021e+00   6.8227607e-01  -2.0412194e+00   3.2227474e+00   3.9988129e+00  -1.8672726e+00  -7.0393491e-01  -3.8486944e-01   1.1111002e-01  -5.7646365e-01   6.7291633e+00  -1.8410567e+00
   7.4665636e+00   1.2712576e+00   1.0758126e+00   2.6891242e+00   7.2898581e+00  -3.2506241e+00  -1.0635904e+00   7.5012493e+00   1.1714830e-01  -4.8620711e+00   1.6497897e+00   7.7651458e+00   4.3893624e+00   3.1926399e+00   2.1495381e-01   4.1014863e+00   3.2662591e+00  -1.8420490e+00   1.9220722e+00  -5.0070081e+00   7.0012291e-01   2.9641797e+00   3.1594513e+00   2.1291453e-01  -2.7464208e+00   9.3752733e-01  -1.5913110e+00  -2.3042474e+00   3.0391190e+00  -3.8942593e-01  -4.5846284e+00
   7.6694388e+00   1.8029929e-02  -1.0200490e+00  -1.2192193e+01  -5.3645656e+00   4.0420268e+00  -4.4202419e+00   5.5605235e-01   9.0030184e+00  -1.0739258e+00   2.0312948e+00  -2.2359778e+00   1.1252130e+01   3.3512276e+00  -9.3759349e-02   1.2539527e+01  -1.9163617e+00   2.6819698e+00  -1.3049774e+00   4.6441339e+00  -1.6182164e+00  -1.5996483e+00   1.0796604e+00   2.4255293e+00   3.7534639e+00  -4.8843711e+00   1.6333296e+00  -1.2338592e+00   1.6161847e+00   1.2437892e+00   1.8078903e+00
  -4.4714286e+00  -7.4643550e+00  -1.8154320e+00  -1.0526428e+00   2.7644881e+00  -6.5152321e+00   4.2145119e+00  -3.5150402e+00   6.6044382e+00  -3.1787521e+00  -3.2128764e+00  -2.8738619e+00  -7.0202505e-01  -2.4593374e+00  -4.1697121e+00  -3.1037708e+00  -4.2977973e+00  -7.4453111e+00  -4.0256063e+00   1.3052882e+01   3.0555139e+00   3.6459682e-01  -4.1122489e+00   4.8324285e-01  -1.0209875e+01  -5.9843610e+00   1.0637059e+00  -1.4426110e+01  -4.4517270e+00  -3.5344410e-01  -3.9447930e+00
   2.2563076e+00  -2.5836234e+00  -1.5526269e+00  -7.5407067e+00  -5.4483678e+00   1.3813090e+01   9.4184823e+00  -1.6743254e+00   2.8306135e+00  -3.6439781e+00  -3.5138175e+00  -2.2720317e+00   5.2627612e+00  -1.8896285e-01  -1.9156494e+00   7.5857797e+00  -1.1778549e+00   1.1086189e+00  -3.9998066e+00   6.1756389e+00   3.2596010e+00   5.5429188e+00   1.8989502e+00   3.2759075e+00   4.5650836e-01   1.1544133e+00   4.2069692e+00  -6.6221113e-01  -1.8886576e+00   7.0102116e+00  -7.9464629e+00
  -2.8850447e-01   4.5112843e+00   6.6793809e+00   4.6112629e+00   4.0057161e+00  -2.7543324e+00   8.0128335e-01   6.9682170e+00  -3.2004122e+00   8.4067595e+00   4.9057738e+00   2.7934063e+00   5.8600962e+00   6.9553805e+00   2.7386808e-01   1.4431170e+00  -3.0827736e+00  -5.3131523e-01   2.9034196e+00  -4.1399079e+00  -2.6224717e+00  -7.6752462e+00  -9.4128314e+00   5.4118330e+00  -3.3598682e+00  -9.8456997e+00   4.7931603e+00   5.4343469e+00   2.4746464e+00  -2.6679473e+00  -2.1009158e+00
