   0.0000000e+00   5.0000000e-01   1.0000000e+00   1.5000000e+00   2.0000000e+00   2.5000000e+00   3.0000000e+00   3.5000000e+00   4.0000000e+00   4.5000000e+00   5.0000000e+00   5.5000000e+00   6.0000000e+00   6.5000000e+00   7.0000000e+00   7.5000000e+00   8.0000000e+00   8.5000000e+00   9.0000000e+00   9.5000000e+00   1.0000000e+01   1.0500000e+01   1.1000000e+01   1.1500000e+01   1.2000000e+01   1.2500000e+01   1.3000000e+01   1.3500000e+01   1.4000000e+01   1.4500000e+01   1.5000000e+01
   5.0986306e+00  -6.7061315e+00  -8.8278541e-01  -3.1010023e+00  -3.1485990e+00  -2.4382248e+00   3.5722452e+00   9.8906507e+00   8.6720825e+00  -5.5455915e+00   1.6232588e+01   5.9730738e+00   1.0582757e+01   4.2283236e+00   2.1438715e+00   1.0588659e+01   6.3798927e+00  -1.5528849e+00  -2.6965085e+00   8.2490945e+00   2.4246499e+00  -6.3161376e+00  -2.8173388e+00  -6.0954104e+00  -4.2063485e+00  -5.1490610e+00  -1.8154063e-01   4.0451559e+00  -2.0511914e+00  -4.6293668e+00  -2.0477497e+00
  -5.4334000e+00   7.6796606e+00  -4.6261887e+00   1.5905457e+00   6.3570350e-01  -1.0865470e+00   5.3942227e+00  -3.7151947e+00  -3.9613394e+00  -2.5610398e+00   9.9520375e+00  -5.3161502e+00  -3.1483270e-01  -1.6635193e+00   6.1612618e-01   8.4120627e+00   4.1927847e+00   9.6933877e+00   1.3804441e+01  -1.2268625e+01   2.8230162e+00   5.3894568e+00  -6.4565623e+00   5.9938766e-01  -4.7693195e+00  -3.4036172e+00   7.7556288e+00   2.4336570e+00  -3.1867605e+00  -2.7206054e+00  -5.8197410e+00
   4.3903969e+00   3.2734014e+00  -6.7282225e+00   4.3314105e+00  -2.0778452e+00  -1.4198084e-01  -1.6831882e+00  -8.3778312e-01  -5.4846401e+00  -3.8829474e+00  -4.0789350e-01   6.0544762e+00   8.0179162e+00   5.2215518e+00   3.8704345e+00   1.0144827e+01   8.0568434e+00  -6.9186825e+00  -9.6938182e-01  -4.2680635e+00  -2.4668818e+00  -9.8869027e-01   7.5937704e-01   2.0782384e+00  -2.5112369e+00  -1.2761585e+01   3.0941750e-01  -2.0914404e+00  -1.0737344e+01   9.3586318e-01  -1.7968193e+00
   3.4294999e+00  -5.3206733e+00   2.3236065e-01   5.8274639e+00   8.6916744e-01  -4.7850686e-01   4.5194288e+00   2.8713724e+00  -8.9956218e-01   4.9470988e+00   3.4219851e+00   1.1425984e+01   3.8954454e+00   1.5625911e+01   2.5876454e+00   8.3774646e+00  -2.2025238e+00   3.9525993e+00  -1.9491214e+00   4.9915951e+00  -3.2298274e+00   1.2688403e+01   7.8148386e+00   6.9067570e+00  -1.0378702e-01   3.8194016e+00   2.6393651e+00  -3.0008028e+00   5.9293565e+00   8.5263627e+00  -7.5680708e-01
   3.7424236e+00  -4.1984002e+00  -1.7105750e+00  -5.4500207e+00   2.4354094e+00  -2.0597489e+00  -2.4948582e+00  -3.4538443e+00  -1.2362280e+00   4.9277768e+00   8.5755728e+00   4.0075766e+00   3.7629207e+00   2.9898833e+00   1.3659666e+00   2.7600500e+00   1.0644980e+01   7.4026283e+00  -1.8265040e+00   4.8001652e+00   4.0221512e+00   8.5263590e+00   3.9368940e+00   4.2995493e+00   9.0109282e+00   6.6081656e+00   4.0741078e+00  -2.4741179e+00  -5.1540582e+00   5.5883687e+00   5.2330984e+00
   9.2789545e-01  -7.7258103e+00  -3.4546728e+00   9.4873509e-01   5.6880373e+00   2.0941401e+00   3.0992456e+00  -1.3425092e+00   2.8619288e+00   9.1214799e+00   9.3965218e+00  -1.6796782e-02  -3.2364138e-02   9.2186497e+00   9.8457115e+00  -7.8518792e-01   8.2819501e-01   5.4528324e+00   4.8379885e+00  -2.2408156e+00   5.9512526e-01   3.7679235e+00   6.6933397e+00   1.2956414e+00   4.8034872e+00   6.5437310e+00  -3.9049581e+00  -7.4731051e-01  -1.5452617e+00  -2.5377095e+00  -9.5159175e+00
   7.0909386e-01   2.0873411e+00   8.4522647e+00   2.0558435e+00  -2.2894114e+00  -8.0258364e+00   3.7353468e+00  -4.0744731e+00  -9.1342214e-01   3.2803992e+00  -3.9327105e+00   3.4477984e+00   8.1956158e+00   1.0515266e+01  -1.1759914e+00   1.4000592e+01  -8.9962798e-02  -5.0251721e+00   4.7928753e+00   7.3196072e+00   3.1868648e+00   4.8584217e+00   4.7117904e+00   3.7834544e+00  -7.2118865e-01  -5.0713580e-01   1.6819609e+00  -2.7105965e+00   8.6575963e-01  -1.1883337e+01  -6.0074529e+00
  -1.0739049e+00   1.1465045e+00  -2.2747213e+00   4.5627159e-02  -1.4509366e+00  -5.8346540e-01   4.4475125e+00   6.8199977e+00  -3.7625480e+00   3.0505937e+00   6.0047876e+00   1.1317310e+01   4.7468759e+00   1.2467747e+01   3.4276028e+00  -4.5842673e+00   1.1970598e+00   6.2475155e-01   3.9727573e+00  -3.6256367e-01  -1.0211365e+01   2.3685197e-01  -4.9775547e+00  -6.8006725e+00  -1.8023233e+01   7.8602188e+00   6.1966561e+00  -4.3610863e-01   1.1849875e+00  -6.1803536e+00   1.0620322e+00
   2.5521939e+00  -8.4938608e+00   3.8990147e+00  -2.6198739e+00   2.9418450e-01  -5.4655470e+00   2.9782852e+00   6.7059069e+00  -1.1973486e+00  -9.4766504e-01   9.2464172e+00   1.2069406e+01   4.8059068e+00   1.1535208e+01   2.6948497e+00  -1.1578567e-01   1.0812638e+01   6.6714249e-01   5.0431054e+00   2.4645139e-01  -1.8314526e+00  -5.5925203e-01  -4.6831547e+00  -5.0242221e+00  -2.3059347e+00   6.6387301e+00   5.4663134e+00  -4.0726785e+00  -1.2334283e-01   2.2188062e+00   7.4851738e+00
   2.2371855e-01   1.1136456e+00  -7.5196181e-01  -1.8435092e+00  -2.1960575e+00  -5.6270932e+00   1.3875601e+00  -1.5110676e-01  -7.0594350e+00   4.1991245e+00  -2.7124430e+00   7.3764542e+00   8.1185569e-01   6.3666155e+00   8.2535419e+00   3.2004629e+00  -6.5833294e+00  -4.3113389e+00   3.6692258e+00  -3.4627343e+00   2.6589542e+00  -7.7563372e+00   3.6091611e+00  -3.7012632e+00   6.6246735e+00  -6.1634154e-01  -2.6726224e+00   4.1396201e+00  -2.8474256e+00   3.1048859e+00  -1.8708120e+00
