   0.0000000e+00   5.0000000e-01   1.0000000e+00   1.5000000e+00   2.0000000e+00   2.5000000e+00   3.0000000e+00   3.5000000e+00   4.0000000e+00   4.5000000e+00   5.0000000e+00   5.5000000e+00   6.0000000e+00   6.5000000e+00   7.0000000e+00   7.5000000e+00   8.0000000e+00   8.5000000e+00   9.0000000e+00   9.5000000e+00   1.0000000e+01   1.0500000e+01   1.1000000e+01   1.1500000e+01   1.2000000e+01   1.2500000e+01   1.3000000e+01   1.3500000e+01   1.4000000e+01   1.4500000e+01   1.5000000e+01
  -6.6100783e+00   5.4141829e-02  -3.0094215e+00  -3.1532068e+00  -5.7092897e-01   5.5048718e-01  -4.9950511e+00  -3.2788280e-01   1.4907375e+01   1.4273826e+01   4.7943853e+00  -7.4628968e+00  -6.2020861e+00   6.7930356e+00  -7.9341074e-01   1.1762666e+00   1.0051741e+01   4.7276817e+00   4.3204343e+00  -3.2468734e+00   5.6433390e+00   1.3325103e+00   2.9633909e+00  -2.5803070e+00   2.9035211e+00   4.5755240e+00  -7.8761075e-01   3.3452610e+00  -4.2988819e+00   5.8014543e+00   3.5115515e-01
  -2.2982249e+00  -4.4412639e+00   2.1192777e+00   1.4664377e+00   4.0833700e+00   1.4683801e-01   4.9848374e+00   1.0114572e+01   1.0006066e+01  -1.6435145e+00   7.7074190e+00   1.1151540e+01   5.3327662e-01   4.1857752e+00   4.7157866e+00  -9.8048448e-01   1.1490295e+00   4.5088733e+00   2.1895711e-01  -8.0415772e-01  -9.7118592e+00  -8.2307443e-01   5.0654029e-01   1.0623741e+00   1.8413254e+00  -2.0026341e-01  -4.2398792e-01  -4.5300733e+00  -1.0968291e+01  -1.0681502e+01   5.5240873e-01
  -4.5842048e+00   1.7438623e+00  -4.5606303e+00   7.0990039e+00   1.1347025e+00  -2.8235465e+00  -3.7998171e+00   1.6532049e+00   2.5247499e-01   7.7915213e+00   7.7650789e+00   5.5606628e-01   1.4436043e+01  -5.3965798e+00   8.1252884e-01  -5.2394123e+00   1.5559434e+01  -8.3099727e+00  -5.0721642e+00  -4.3489952e+00   2.8385650e+00   3.4670447e+00   1.0730393e+01   9.3407015e-01   3.8956684e+00  -3.0665633e+00  -2.8778153e+00  -8.5589668e+00   2.6911209e+00   3.8800364e+00  -7.2536136e+00
   1.6647502e+00   1.2590475e+00  -7.8798659e+00   2.2715078e+00   4.1670335e+00  -5.9057624e+00   5.1520121e+00   1.2685943e+00  -9.8523722e-02   9.3216896e+00   3.2517743e+00  -1.7461027e-01  -4.3159817e-01   1.5993880e+01  -3.4787201e+00   1.5823827e+01   4.5214156e+00  -3.4890532e+00   4.2971254e+00   4.7135051e+00  -4.6223572e+00   3.4203684e+00   3.6302788e-02   2.0864374e+00   9.7838528e-01  -3.0880095e+00  -8.8357254e+00   1.7839033e+00   6.4885740e-01  -4.3867868e+00  -2.5536063e-01
  -1.7528497e+00  -3.1795085e+00   6.1472281e+00   1.4235162e+00   3.3085708e+00   4.0168656e+00   1.1174250e+01   5.4891852e+00   1.1603768e+01   1.4090854e+01   5.0214899e+00   1.2729589e+01   7.7613634e+00   5.2527189e+00  -1.3098239e+00   1.1784962e+01   6.0215421e+00   3.0190622e+00   7.0450300e+00   3.9277039e+00  -3.7278348e+00   3.1538024e+00   1.8280585e+00   2.4816939e+00   2.1197789e+00  -2.9053565e+00   5.5626732e+00   5.9948705e+00  -6.9796651e+00   9.5216462e-01   3.7314014e+00
   8.6857010e+00   4.1395612e+00  -9.6430954e+00   6.2464926e+00   3.5403967e+00   8.9360144e+00   2.9901799e+00   2.0883334e+00  -4.6506814e-01   1.6950281e+00  -1.3148856e+00  -1.7082269e+00   9.0219022e-01   3.6887878e+00   3.7919765e-01   6.2359766e+00   7.3623645e+00  -2.1632212e+00  -5.4309355e+00  -4.4079300e+00  -1.6108899e-01   7.0499973e+00  -5.6004444e-01  -2.5480658e+00   2.8233256e+00  -6.8742568e+00   8.2921334e+00   8.6448611e-01   3.8658911e+00  -1.2774611e+00   1.8166421e+01
  -4.9211047e+00   2.6694898e+00  -1.4041769e+01   1.0977614e+01  -5.9663500e+00   8.9188519e-01   1.1028051e-01   5.6620723e+00   4.7498629e-01   6.7863540e+00   2.7621068e+00   1.5277057e+00  -3.9814591e+00   3.0608523e+00   1.3536014e+01   7.3476135e+00   2.5015733e+00   1.8862206e+00   2.9090685e+00   2.4920579e+00  -9.2982205e+00  -3.9983953e+00   1.7539815e+01  -3.0745237e+00   3.4079573e+00  -6.5260171e+00   8.2512283e-01   5.8820044e+00  -2.6198914e+00  -4.5130816e+00   1.5363727e+00
  -4.4046825e+00  -5.5259797e+00  -1.0965321e+00  -2.0078945e+00   5.5625311e+00  -1.9586722e+00   1.0264696e+01  -5.2691265e+00   4.5665667e+00   9.9493046e+00   3.7160324e+00   1.9895867e+00  -2.7850125e+00   1.2405538e+00   1.3826646e+01  -5.2551756e-01   4.3091114e+00  -2.3301786e+00   7.7612291e+00  -1.3735014e+00  -1.0896914e-01   3.2041363e+00  -1.8143064e+00  -6.9124257e+00   4.2213482e+00  -3.5117859e+00   2.7559217e+00   8.3982831e+00   2.3533984e-01   1.9510678e+00   2.1889748e+00
  -1.7110124e+00  -2.1923458e+00  -5.9938658e+00   8.0190622e-01   3.9936216e-01   4.7597869e+00   3.2717845e-01   4.4661925e+00  -6.4032733e+00   3.5796538e+00   4.8469805e+00   2.0999185e+00   6.5279953e+00  -2.7495080e+00  -1.9322692e+00  -2.6072660e+00  -1.3669579e+00   7.1812446e+00   3.1749825e+00   6.5068361e+00  -8.2928123e+00   7.9682239e-01   9.1210773e+00   2.3637714e+00   5.0893266e+00  -8.0625783e+00   2.0538479e+00   6.2930076e+00   5.6573498e+00   3.5498347e-01  -1.1463633e+00
   2.9138285e+00   1.1807243e+00   9.4769462e+00   1.7884548e+00  -3.3849458e+00   4.9056104e-01   2.0485330e+00   7.5455377e+00   4.7430585e+00   7.1663652e+00   1.8119431e+01   1.0692225e+01   8.6293434e+00   1.1159977e+01   1.1433660e+01   6.0390325e+00  -1.8822847e+00  -2.0498259e+00   3.0648022e+00   4.8100040e+00  -1.9949783e+00  -1.2794968e+00   1.3283055e+00  -1.1382007e+00  -3.7618214e+00  -1.2317518e-02  -9.9441232e+00   1.0879845e+01  -2.2525391e+00   5.2410763e+00  -5.7878301e+00
