   0.0000000e+00   5.0000000e-01   1.0000000e+00   1.5000000e+00   2.0000000e+00   2.5000000e+00   3.0000000e+00   3.5000000e+00   4.0000000e+00   4.5000000e+00   5.0000000e+00   5.5000000e+00   6.0000000e+00   6.5000000e+00   7.0000000e+00   7.5000000e+00   8.0000000e+00   8.5000000e+00   9.0000000e+00   9.5000000e+00   1.0000000e+01   1.0500000e+01   1.1000000e+01   1.1500000e+01   1.2000000e+01   1.2500000e+01   1.3000000e+01   1.3500000e+01   1.4000000e+01   1.4500000e+01   1.5000000e+01
  -2.1818815e+00   3.3778390e+00  -3.2142181e-02  -8.6258867e+00  -4.7408576e+00   7.8737234e+00   6.7334834e-01   7.1837753e+00   4.9477170e+00  -8.7200540e+00  -5.8518720e-01   7.3908647e+00  -2.8521897e-01   1.0703551e+01   1.1835965e+01   9.7213822e+00   3.1189275e+00   1.7179554e+01   4.6031041e+00   1.0525911e+01  -7.1748587e-01  -6.2568869e+00   1.0995669e+01   6.4388854e+00   4.4893138e+00   1.1589514e+01   5.5199313e-01  -7.9567734e+00   7.0896091e-01   3.9428481e-01  -4.0260754e+00
   2.0795993e+00   2.3098007e+00  -1.0676355e+01   5.1593684e+00   1.4542944e+00   7.9798100e-01  -8.4231545e-01   6.9678491e+00   3.0203854e+00   4.8651443e+00  -2.8091856e+00   5.4285405e+00  -4.7326997e+00   9.6636918e+00   1.5728588e+01   1.2649132e+01   1.9700653e+01   8.1039304e+00   1.5288674e+01   5.7315053e+00   9.5971170e+00   8.2147574e+00   1.3603568e+00   5.3616454e+00   2.0031287e+00   4.8564183e+00   6.4873197e+00   6.2291765e-01  -2.8817196e+00   9.1826891e-01   5.8212983e+00
  -1.0743462e+00  -2.6592333e+00   3.2760800e+00  -4.5423245e+00  -7.7479409e-01  -7.4502353e+00   3.5814008e-01  -6.3762386e-01  -2.8756116e-01  -3.1472138e-01   1.4298945e+01   2.8363277e+00   9.9204259e+00   3.7842764e+00   5.5469908e+00   3.6897662e+00   1.1151685e+01   1.0670409e+01   1.4174434e+01   8.8123836e+00   5.6403977e+00   1.6921340e+00   2.6908612e+00   9.8022856e+00   9.8429165e+00   4.9927071e+00   3.0477551e+00   4.6489685e+00   2.6317133e+00  -4.5051172e+00   3.4157232e-01
   1.2126276e+00   5.0540670e+00  -3.1784326e+00  -3.7445490e-01   5.5753110e+00   1.6629150e+00  -3.6657064e+00  -4.8496437e+00   1.0671382e+00   4.3641473e+00   8.7810169e+00  -4.3126658e+00   5.4590430e+00   4.0966555e+00   9.1540249e+00  -1.5790665e+00   9.4311492e+00   5.9244084e+00   9.7794324e+00  -2.2330106e+00   4.8213368e+00   9.5339504e+00   1.4860700e-01   2.9703892e+00   1.3339037e+01   3.4040210e-02   1.9980868e-01  -1.8131165e+00   1.2477636e-01  -2.5812585e+00   1.4690926e+01
  -2.1746602e+00  -3.7639443e+00  -1.1544931e+00   2.8049169e+00  -3.0599089e+00   5.2444239e+00   7.2722516e+00  -4.9677817e+00   5.1793655e-01   1.2698245e+00   6.8771969e+00   5.6323844e+00   1.2787403e+01   1.1568136e+01   8.0962165e-01   8.6674039e+00   8.8410921e-01   4.2212360e+00   3.8605212e+00  -8.1198510e-01   7.3414028e+00   2.3185270e+00   9.0780171e+00   1.2825288e+01   7.9347669e-02  -6.6246979e-01   9.9272667e+00   1.0461486e-01   4.6915485e+00   8.1574462e-01   2.1990857e-01
   9.7747045e+00   1.2004021e+00   7.7896242e-01  -3.4462848e+00   3.3948221e+00   2.0677434e+00   6.3914109e+00   6.7997449e+00  -5.0791656e-01   6.4282381e+00   7.4762769e+00   4.6499532e+00   1.0745473e+01   4.0756405e+00  -5.0476379e-02   8.2538290e+00   1.0966847e+01   1.7244414e+00   1.4390627e+01   1.3973945e+01   9.7040317e-01   3.4047502e-01   7.6971352e-01  -1.1532374e+00   2.0685902e+00  -8.2187311e-02   9.4339084e+00  -9.1721557e-01   1.8239218e+00  -1.1357023e+00   1.9545958e+00
   2.7730560e+00  -5.0228325e+00  -8.0638106e+00  -8.8700562e+00   1.3140519e-01   3.8740950e+00  -3.6832840e+00  -8.3024365e+00   1.2749077e+01  -2.3908067e+00  -4.6565860e+00   4.7162347e+00   2.9781244e+00   6.4635686e-01   7.0619452e+00   1.1532514e+01   4.5677155e+00   3.9803896e+00   3.9976696e+00   5.2915669e+00   1.4231549e+01   1.0669582e+01   5.9644376e+00   5.3248650e+00   7.5067028e+00  -1.1333800e+00  -2.8490476e+00   9.7186064e+00  -2.1307172e+00   2.8968924e-01   4.8349830e+00
  -2.4772965e+00  -1.1994395e+00   8.4677899e+00  -6.6403333e+00  -1.3694021e+00   6.9682798e+00   3.1767494e+00  -1.0579599e-01   6.7173928e+00   3.6939778e+00   1.6118371e+01   5.3575702e+00   1.0300128e+01   7.0517698e+00   2.1812843e+00   1.5985682e+00   9.3271698e+00  -4.0439927e-01   2.9833640e+00   4.3219620e+00   2.7499676e+00   9.5207240e+00  -2.6502667e+00   9.2147764e+00  -3.8108352e+00  -4.4784737e-01   1.0926853e+00  -4.9521720e-01  -8.4081224e+00   6.9278605e+00  -8.9472851e-01
   3.9695584e+00   1.8986192e+00  -2.6033316e+00  -3.4137359e+00   2.0477367e+00  -2.0069596e+00   4.3932839e+00   4.0414124e+00  -4.9959916e+00  -7.5300651e+00   6.5850409e+00   2.8864833e+00   6.7159231e+00   4.1173032e+00   3.4561448e+00   1.1309094e+00   3.8623549e+00   7.2205113e+00   1.2883391e+01   1.4255910e+01   1.5463749e+00   3.0063740e+00  -2.8115242e+00   6.5619044e+00   9.8630091e-01   7.7862605e+00   3.4365832e+00   2.6180333e+00  -4.9298429e-01  -5.9503255e+00   8.2030450e+00
   1.4377901e+00   7.4593799e+00  -3.5790180e+00   3.5699152e+00   2.8005321e+00  -1.6436549e+00   1.0918204e+01  -4.5859723e+00   6.9473502e+00   4.4268146e+00   2.3176536e-01  -3.3631452e+00   9.0358994e+00  -4.2993438e+00   7.8038304e+00   6.9612765e+00   1.1505618e+01   7.5151670e+00   2.0681214e+00   7.4905200e+00   1.2972572e+00   1.2166041e+01   3.7457863e+00  -4.7286482e-01   4.3334262e+00   2.0345644e+00  -4.4208442e+00   4.9391935e+00   9.4048216e+00   2.6590620e+00   6.9238272e+00
