   0.0000000e+00   5.0000000e-01   1.0000000e+00   1.5000000e+00   2.0000000e+00   2.5000000e+00   3.0000000e+00   3.5000000e+00   4.0000000e+00   4.5000000e+00   5.0000000e+00   5.5000000e+00   6.0000000e+00   6.5000000e+00   7.0000000e+00   7.5000000e+00   8.0000000e+00   8.5000000e+00   9.0000000e+00   9.5000000e+00   1.0000000e+01   1.0500000e+01   1.1000000e+01   1.1500000e+01   1.2000000e+01   1.2500000e+01   1.3000000e+01   1.3500000e+01   1.4000000e+01   1.4500000e+01   1.5000000e+01
   7.0850441e+00   7.1317307e+00  -1.1086861e+00   6.6110243e+00   4.3709334e+00   2.1194189e+00   4.5084610e-01   6.5171808e+00  -3.7543136e+00  -2.5179846e+00   1.5181558e+01   4.2819433e+00   1.7168670e+01   2.1083611e+00   3.4847550e+00   6.5812581e+00   5.1304184e-01  -1.6500667e+00   7.7826175e+00  -3.9648706e+00   4.2653844e+00  -2.4250884e+00   3.7862479e+00   4.2745878e+00  -4.1324096e+00   2.6729074e+00   5.1677529e+00  -5.2586394e+00   1.8111637e+00  -1.8370518e-01  -6.1380947e+00
  -4.3852573e-01   5.7578269e-01  -3.4864352e+00  -7.1908291e+00  -1.2621672e+00   3.9588306e+00  -4.0064512e+00   1.1398236e+01   2.3379777e+00  -4.9723517e+00   5.6577843e+00   1.2079925e+01   4.2891337e+00   4.1348496e+00   2.4839829e+00   2.8331037e+00   5.8166456e+00   1.8699300e+00   4.3992847e+00   2.9258894e+00   8.8707618e-01   1.5286053e+00  -4.8455606e+00  -4.6853409e+00  -4.8193608e-02   1.7796616e+00  -4.4700333e+00   4.0620355e+00   5.4828175e-01   1.3658448e+01   2.0554790e+00
  -5.5973412e+00   3.2969914e+00   4.4289573e+00   2.6306753e-02   4.4598793e+00   9.9759869e-01   4.7148524e+00   7.1800631e+00   1.1295663e+01   9.2033436e+00  -8.1178800e+00   6.0690029e+00   8.1545861e+00   3.2843334e+00   6.9105633e+00   5.8391640e+00   7.9355335e+00   7.1159705e+00   5.4156260e+00  -7.8870219e+00  -4.7243046e+00   3.5542649e+00  -4.8056729e+00  -2.9985319e+00   3.4510627e+00   1.0817949e-01   5.3225136e+00  -6.7037689e+00   2.3981472e+00  -8.1696421e+00  -7.2132419e+00
   2.4058757e+00   6.7613848e-01  -3.7202648e+00   1.1175444e+00   3.7258973e-01  -4.9501712e-01   5.8540037e+00  -2.3654677e+00   6.9076879e+00  -4.7781497e+00   7.7481781e+00   6.3592079e+00   7.8150860e+00  -1.3475503e-01   6.0192652e+00  -3.3974824e+00   5.9046673e+00  -9.6570041e+00   2.0463690e+00  -3.2808981e+00  -3.6392027e+00   8.8729343e-01  -1.6155384e+00   4.8888999e+00  -5.1908782e-01   5.0753946e+00  -2.3732230e+00   3.4622116e-01   1.9935553e+00   5.5818591e+00   3.1023388e+00
  -5.0140378e-01  -5.4809078e+00  -1.4979032e+00   4.2386584e+00  -1.7033400e+00   5.4438147e+00   1.0146390e+01   6.3076423e+00   6.1650234e+00   7.3784290e+00   1.1183136e+01   1.1883975e+01  -1.1015644e+00   4.3520360e+00   5.5627834e+00   6.4510464e-01   1.3882396e+01   5.2381962e+00  -3.6319605e+00   4.4451108e+00   3.7288840e+00   3.9277764e+00  -8.4958688e+00   7.7202025e+00  -8.0321401e+00   5.5555652e+00  -5.5450093e+00   1.9288274e+00   4.8267490e+00   4.0917140e+00   1.8532710e-01
  -3.6930934e+00   8.1836557e-01  -2.0837095e+00  -5.7447950e+00  -1.2217339e+00   6.9284726e+00   7.3817946e+00   3.0069862e+00   5.6491188e+00   7.6344302e+00   6.0982992e+00   5.9296425e+00   1.4427772e+01  -8.0612366e+00   4.3134846e+00   3.4146922e+00   4.7171111e+00  -1.9458433e+00   5.0615671e+00   1.2450718e+00   4.4717827e+00   4.9469300e+00   6.6782672e+00  -2.8662824e-01   6.6023594e+00   1.1480219e+00  -7.1446750e+00  -7.4702455e-01  -2.5242428e+00  -8.6454795e+00  -2.0872779e+00
  -2.1378740e+00   4.9818423e+00   3.6282579e+00   6.9944601e+00   4.7064952e+00   3.2590175e+00   4.1627688e+00   6.5286536e+00   1.1164299e+01   9.3759191e+00  -1.6749877e+00   5.2463179e+00   2.9132334e+00   6.1836076e+00   1.1176703e+00   7.6366069e+00   5.0902480e-01  -6.3768756e+00   7.5995363e+00   2.5898950e+00   3.0545957e+00  -3.3400282e+00   4.2380234e+00  -1.1151796e+01   5.5053144e+00  -1.4936935e-04  -8.0693557e+00  -6.1421535e+00   1.0376179e+00   1.1049379e+00  -5.0302821e+00
  -1.3283668e+00   8.3752252e+00  -3.7838098e-01   2.7438142e+00   7.2791851e+00   8.4708032e+00   5.3004569e+00  -3.0128829e+00  -2.8928841e+00   7.4908067e+00   1.4170754e+00   7.4664841e+00  -2.8967104e+00   5.6262858e+00   5.7652907e+00   3.8644593e+00  -3.6608424e+00  -7.7775604e-01   2.8323691e+00  -7.5654849e+00  -3.2794081e+00  -5.2599184e+00   5.0797756e+00   8.6824988e+00   3.5622550e+00  -3.7315491e+00   1.1478227e+00  -1.1160026e+00  -4.2657813e+00   1.7283619e+00   5.4890561e-01
  -4.7282261e+00  -2.0376588e+00   5.4215779e-01   5.8541840e+00  -2.9567011e+00   9.9902910e-01   2.2019355e+00   9.9997101e+00   1.4150748e+01   1.2484281e+01   9.6620448e+00   6.2759667e+00   4.3722157e+00  -4.1738674e+00   5.2725653e-01   1.8600388e+00   2.5479295e+00  -4.0825211e+00  -2.7003032e+00   3.1765995e+00  -5.7150348e+00  -3.7493227e+00   1.4238876e+00   7.7099745e+00  -5.2443195e+00   3.1357281e+00  -3.9846196e+00  -1.5661295e+00  -3.0104538e+00   6.2955295e+00   4.2925045e+00
  -9.5894907e+00  -4.2672701e-01   4.6992226e+00  -5.2016845e+00   2.2519405e+00   1.8588865e+00   7.0798895e+00   7.2831121e-01   5.7392828e+00   2.7391767e+00  -1.9660748e+00   2.7203875e+00   1.7345119e+00   1.8675925e+00   1.1122524e+00  -5.9777462e+00   6.8772401e+00   7.5792922e+00  -9.5905089e-03  -3.3001025e+00   1.2962696e+00  -1.8745609e+00   3.9336593e-01  -8.7548817e+00   8.4508341e+00   1.6449363e+00   3.5833446e+00   7.9947200e+00  -1.0323110e+01  -3.7179303e+00   8.8100571e-01
