   0.0000000e+00   5.0000000e-01   1.0000000e+00   1.5000000e+00   2.0000000e+00   2.5000000e+00   3.0000000e+00   3.5000000e+00   4.0000000e+00   4.5000000e+00   5.0000000e+00   5.5000000e+00   6.0000000e+00   6.5000000e+00   7.0000000e+00   7.5000000e+00   8.0000000e+00   8.5000000e+00   9.0000000e+00   9.5000000e+00   1.0000000e+01   1.0500000e+01   1.1000000e+01   1.1500000e+01   1.2000000e+01   1.2500000e+01   1.3000000e+01   1.3500000e+01   1.4000000e+01   1.4500000e+01   1.5000000e+01
  -2.4455265e+00  -8.3401176e+00  -1.5287606e+00   1.3786305e+01   8.2671564e+00   8.7278658e+00   8.0430040e+00   9.7624075e+00   1.7054968e+01   1.2414690e+01   7.1333620e+00   3.6643011e+00   1.0810464e+01   2.9841263e+00   2.3564895e-01  -1.0885972e+00  -1.3286178e+00   7.2191363e+00  -1.5727420e-01   8.4276752e+00  -5.8423029e+00   2.0589344e+00   5.0002546e-01  -1.0598854e+01   5.5724824e+00  -1.9625465e+00  -2.9005764e+00   8.6956773e-01  -1.0514801e+01  -2.7180237e+00   6.8984306e+00
   5.8631357e-01  -1.2620898e+00   2.8013863e+00   1.0025969e+00   3.7543830e+00   5.6809972e+00   6.8103231e+00   5.1915442e+00   9.0307853e+00  -4.7291315e-01   8.0323974e+00   2.0280839e+00   1.0264638e+01   9.1856879e+00  -3.8962757e+00  -6.5741982e-01   2.0399494e+00   9.6310299e+00  -2.4452552e+00   3.3159125e+00  -5.3055432e-01  -3.6334081e+00  -4.4341371e+00   7.0054684e+00   4.2864800e+00   7.9699008e-01  -6.0653739e-01  -5.6200883e+00   2.5822382e+00  -6.7157806e+00  -1.9551562e+00
   8.5480694e+00   1.8065886e+00   7.3414798e+00   1.5927403e+01   1.1166903e+01   1.5680495e+01   7.4818746e+00   1.4250128e+00  -1.2852948e+00   9.3424155e+00  -1.0948657e+00   8.5226020e+00  -1.4558118e-01   2.0423427e+00   4.3211668e+00   5.9407203e+00   2.6743354e+00   5.9525866e+00   1.0720220e+01   5.5129288e-02  -2.1589604e+00  -4.8803347e+00   9.4455761e-01  -2.9870180e-03  -4.4146021e+00   1.3574128e+00  -4.5990526e-01   4.9154424e+00  -2.0289758e+00  -1.5980652e+00   4.0654748e+00
  -2.6651669e+00   1.1016976e+00   7.3965782e+00  -1.7395269e+00   1.2125432e+01   3.0303155e+00   6.1365734e+00   7.9767800e+00   7.1044443e-01   7.0049902e+00  -7.4113319e-01   1.3359953e+01   4.9732336e+00  -5.8405719e+00  -1.4284102e+00  -2.6873962e+00  -5.3304006e+00  -1.8799620e+00   1.2277729e-01  -2.8919059e+00  -2.5847191e+00   5.6133892e+00  -4.2783624e+00  -1.4501262e+00   1.7942350e+00  -7.5386609e+00  -4.5400977e+00   1.7095103e+00  -4.2154126e+00  -5.0085330e-01   1.2603740e+00
  -3.6576282e+00   1.7525701e+00   1.2869655e+01   1.2818547e+00   2.3675052e+00   1.5386200e+01   4.4948411e+00   8.9670667e+00   9.2212104e+00   3.3619615e+00   2.4461401e+00   5.2534275e+00   8.0079827e+00   1.0626014e+01   2.1279858e+00   7.6636781e+00  -6.4026390e+00  -1.3137015e+01   9.0829004e+00  -5.2548938e+00   1.3477227e+00   4.9524325e+00   2.6678543e+00  -6.1587343e+00  -2.8561809e-02  -9.4870078e-01   3.1037598e+00   4.3024714e-01  -1.0935432e+01   3.3759579e-01   5.8052379e-01
  -1.5681041e+00   1.0633191e+01   2.2619363e+00   1.0514468e+00   2.6312315e+00   2.1457622e+00   4.6664580e+00   1.7114312e+01  -1.4910650e+00   6.7448350e+00   2.6499251e-01   2.0558752e+00   9.3134716e+00   3.2314528e+00  -3.6320060e+00   5.3968696e+00   4.5148994e+00  -1.5563489e+00   1.2257086e+01   1.2847460e+00   6.9024629e+00  -1.5137708e+00   1.1043142e+00   1.9227505e+00   3.6311997e+00  -1.2153634e+01   3.9347792e+00  -4.3408467e+00  -1.0929827e+00   1.5949622e+00  -2.9659102e+00
   5.4262020e+00   4.6314534e+00   5.8807085e+00   4.5878177e+00  -7.0080233e-01   1.5225841e+01   3.9823207e+00   1.1372237e+01   8.5555308e+00   1.2125590e+01   7.0596893e-01   2.3890181e+00   8.7872214e+00   9.2759036e+00  -6.9286266e-01   9.1720858e+00  -6.7926327e+00  -7.0000011e+00  -3.5194676e+00   7.4646124e+00  -2.9564054e+00   3.6228847e+00   1.0568078e+00   7.8800166e+00  -9.3730636e+00  -1.0537840e+01  -3.8362410e+00  -2.0281043e+00   5.7400104e+00   4.7616715e+00  -3.4636476e+00
  -5.2295323e+00  -1.0529934e+00  -4.4434546e+00   6.3671354e+00   6.0811271e+00   1.1658423e+01   5.8293035e+00   1.9807249e-01   7.7676960e+00   6.3950963e+00   5.3030756e+00   1.8975143e+00  -8.2242787e-02  -3.5269135e+00  -3.0358061e+00  -6.0570152e-01  -4.0340669e+00   7.4646556e+00  -1.5108138e+00  -2.0652044e+00  -3.6064868e-01   6.4870454e+00  -7.2023774e-01   3.2458273e+00  -7.3761460e+00  -2.4808519e+00  -7.1618872e+00  -6.3996339e-01   4.5990253e-01   5.9561094e+00   2.0903689e+00
   7.2989218e+00   1.3836311e+01   9.1020065e+00  -9.6823601e-01   8.6931268e+00   1.6203516e+00   5.1299793e+00   3.5027037e+00   9.0482014e+00   7.2805959e+00   2.8773582e+00   1.1975527e+01   1.0383825e+01   9.3509977e+00   2.9091847e+00   5.2488350e+00   7.5867470e+00  -4.2126830e+00   1.3942177e-01   1.9440226e-03   3.0859631e+00  -3.0398979e+00  -6.1179687e+00   2.3605652e+00   1.0036550e+00  -8.2698480e+00  -3.3673704e+00   3.9654631e+00   6.3264332e+00  -3.3866504e+00  -4.0966644e+00
  -1.4449624e+00   9.0792002e+00   4.6281286e+00   9.9501008e+00   1.4445851e+01   2.6363271e+00   9.2132487e+00   7.9133091e+00   1.1113624e+01   1.0575792e+01   1.3894403e+01   9.4726006e+00  -7.3800234e+00   4.1029131e+00   6.4956302e+00   1.1922066e+00   5.2739192e+00   2.8634451e-01  -1.8165788e+00  -2.5163635e+00  -1.3967566e+00   3.4719896e+00  -9.9050005e-01  -1.1393838e+00   8.0729326e+00   3.9222735e+00   3.1105790e+00   6.2917045e-01  -1.4033070e+01   7.4910988e+00  -2.9688238e+00
