   0.0000000e+00   5.0000000e-01   1.0000000e+00   1.5000000e+00   2.0000000e+00   2.5000000e+00   3.0000000e+00   3.5000000e+00   4.0000000e+00   4.5000000e+00   5.0000000e+00   5.5000000e+00   6.0000000e+00   6.5000000e+00   7.0000000e+00   7.5000000e+00   8.0000000e+00   8.5000000e+00   9.0000000e+00   9.5000000e+00   1.0000000e+01   1.0500000e+01   1.1000000e+01   1.1500000e+01   1.2000000e+01   1.2500000e+01   1.3000000e+01   1.3500000e+01   1.4000000e+01   1.4500000e+01   1.5000000e+01
  -2.6391857e+00  -7.2422492e+00   4.7246105e+00  -3.0314269e+00   5.1847884e+00   1.2088898e+00   3.0643625e+00   6.0545449e+00   3.8694530e-01   8.8769477e+00   1.7420475e+01   7.1814255e+00   6.3207603e+00   5.5885707e+00   3.8269625e+00  -4.6241803e+00   9.2456770e+00   1.1705644e+01   7.7941725e+00   8.9567205e+00  -2.8580268e+00  -2.4232686e+00   6.3796383e+00  -6.6715578e+00   8.5713363e+00   5.3218944e+00   1.1933500e+00  -5.0002490e+00   1.7661149e+00   6.3621333e-02  -4.2714279e-01
  -1.2629448e+00  -1.6029017e+00   3.3023525e+00  -1.5240275e+00   4.3319880e+00   4.5064899e+00   7.5689730e+00   5.1944841e+00   1.2409171e+01   4.3233716e+00   1.0180536e+01  -4.6172675e-01   6.7187042e+00   2.4441684e-01   8.0749750e+00   9.7107425e+00   1.0774857e+01   7.8289007e+00   1.8916283e+01   7.2532542e+00   9.2240805e+00   1.0522783e+01   1.1822515e+01  -2.1930977e+00  -3.8649172e-01  -4.2596856e+00  -5.9402775e+00   6.2691642e+00   1.9132294e-01   1.5876911e+00   2.9483147e+00
   1.5498595e+01   6.3619753e+00   4.2883794e+00   7.1212929e-01   3.6939918e+00   5.6715613e-01   8.9424606e+00   6.4304162e+00   5.2747864e+00   4.7856880e+00   7.9862377e+00   6.6316678e+00   2.1233222e+00   8.1734355e+00  -3.9296311e+00   7.2550333e+00   6.2441995e+00   1.1331490e+01   4.0658334e+00   8.2446970e+00   2.9525367e+00   5.8152933e+00   6.2520170e+00   1.1540707e+00  -4.8998714e+00   8.8022308e+00   2.8555712e+00  -3.3276249e+00   1.0575005e-01   4.5483764e+00  -4.1454602e+00
  -1.9587360e+00   1.7393604e+00  -2.8497628e+00   9.7508911e+00  -2.3763462e+00   2.3669500e+00   1.1163936e+00  -6.8258581e+00   6.5881317e+00   6.4627482e+00   8.4436462e+00  -1.5211731e+00   5.3164379e+00   1.4947008e+01   1.1080898e+01   9.5426309e+00  -2.1868250e+00   1.4090436e+01   6.7744256e+00   9.7071358e+00   8.1996648e+00   7.4331355e+00   1.8416062e+00   1.2623153e+00   5.6800470e+00   6.6467101e+00   1.2659799e+00  -4.5926408e-01   2.8351319e+00  -2.3320990e+00   3.4880695e+00
   4.4678723e+00  -7.8174787e-01  -2.9586582e+00   2.0486527e+00   4.4396539e-01  -1.3038104e+00  -2.9095355e+00   4.5608480e+00  -3.2158455e+00   1.6687449e+01  -7.8751339e-01   6.2298022e+00   4.4384814e-01   3.4144131e+00  -1.9488573e+00   1.2578574e+01   1.6592327e+01   7.5550813e+00   8.0303227e+00   6.5059033e+00   1.4509512e+00   6.5049635e+00   3.1986467e+00   9.3881131e+00   1.2599967e+00  -1.0512907e+01   5.4176136e-01   1.3902965e+00   4.9515524e+00   2.7607444e+00  -9.9598736e+00
   4.5979652e+00  -3.7466237e+00  -4.4093961e+00  -4.4680234e+00   7.2178408e+00  -3.2302020e+00   5.8981782e+00  -9.8779149e+00  -4.0607908e+00  -2.0673157e+00   4.8170856e+00   4.5962994e-01   1.5173617e+01   9.8267176e+00   1.0397658e+01   8.4627504e+00   9.9263725e+00   2.5450235e+00   1.5020175e+01   5.7564877e-01   5.5397007e+00   5.9402867e+00  -1.1801098e+00  -5.0677061e+00   3.8610300e+00   9.2749964e-01   5.3285105e+00   6.6127559e+00  -3.4596123e+00   1.0954388e+01  -9.0709707e-01
   1.4240466e+00   5.6900165e+00   7.5822426e+00  -5.3246633e+00   1.2746049e+00  -6.0694622e+00   1.0042258e+01   9.7968732e-01   1.1787298e+01   4.3891612e+00  -2.1403510e+00   7.2704434e+00  -7.0814754e+00   9.3261752e+00   7.0286871e+00   1.3923962e+01  -1.3600319e-01   8.7438776e+00   1.1291454e+01   2.5882919e+00   3.0058367e+00   4.1338188e+00   7.2305873e+00   1.5888922e+00  -2.4479970e+00   2.4846618e+00  -1.3167120e-01  -4.5372884e+00   2.0435052e-01   6.5607552e-02   2.1083847e+00
   7.2503102e-02  -2.8293858e-01   1.9210980e+01   5.9833860e+00  -3.2064438e+00   6.3875827e+00   2.7306523e+00  -3.8965787e+00   1.1028182e+00   3.3163404e+00   9.8123252e+00   3.2004605e+00   1.2360629e+01   5.2178381e+00   8.4603004e+00   6.1309015e+00   8.6924803e+00   1.0319838e+01   7.2233182e+00   5.9372084e+00   1.0727154e+01   1.6487732e+00   3.2263279e+00   3.9357411e-01  -7.5269753e-01   1.0228271e-01  -7.3509400e-01   5.8043248e+00   4.3375457e+00   1.6151750e+00   3.8598444e+00
   3.7950243e+00  -1.4921832e+00   6.6517573e+00  -1.1176521e+00   7.0735514e-01   7.0470318e+00  -3.6639329e+00   5.7414755e+00   1.7926363e+00  -2.9690772e+00   1.6853141e+01   7.0817227e+00   3.4106254e+00   2.1712938e-01   8.9754788e+00   1.6304684e+01   1.2421328e+01   2.5572070e+00   9.5156395e+00   3.1448986e+00   8.6280166e+00   4.0743374e+00   9.5944102e+00   3.3781994e+00   5.3716575e+00  -5.0724840e+00   7.2871886e+00   3.4093053e+00  -2.7175019e+00   4.2931303e+00  -4.5015113e+00
   2.8013059e+00  -2.5020177e+00  -9.9664708e-01  -5.7990696e+00   4.4083004e+00   5.1896540e+00   2.4197421e+00   3.7011536e+00   2.0621608e+00   5.8520241e+00   9.6398403e-01   9.1811940e-02   1.2873282e+01   5.5278385e+00   1.3181998e+01   1.2570352e+01   8.3571547e+00   1.5764894e+01   8.6281705e+00   5.3474607e+00   8.9789916e+00   1.1059035e+01   3.7167844e-01   4.7503701e+00  -4.1719167e+00  -1.8710250e+00  -6.7534329e-01  -6.3406145e+00   5.3022527e+00  -9.0160836e+00   1.6924006e+00
