   0.0000000e+00   5.0000000e-01   1.0000000e+00   1.5000000e+00   2.0000000e+00   2.5000000e+00   3.0000000e+00   3.5000000e+00   4.0000000e+00   4.5000000e+00   5.0000000e+00   5.5000000e+00   6.0000000e+00   6.5000000e+00   7.0000000e+00   7.5000000e+00   8.0000000e+00   8.5000000e+00   9.0000000e+00   9.5000000e+00   1.0000000e+01   1.0500000e+01   1.1000000e+01   1.1500000e+01   1.2000000e+01   1.2500000e+01   1.3000000e+01   1.3500000e+01   1.4000000e+01   1.4500000e+01   1.5000000e+01
   2.6927449e+00   1.4222685e+00   1.9917685e+00  -6.8960657e-01   1.0815458e+01   5.5059066e+00   2.5424567e-01   5.9040708e+00  -3.3803717e+00  -9.0198027e-01  -2.8748090e+00   3.2625187e+00   1.1390972e+01   2.6063081e+00  -1.5128485e+00   2.3353186e+00  -5.2928066e-01  -9.4427652e+00  -4.4062157e+00   4.2639429e-01   1.1205743e+01  -3.8555980e+00  -9.4188014e-01  -4.2020243e+00  -3.1287532e+00  -5.7839943e+00   6.8061653e+00   1.0943459e+00  -7.0928614e+00   3.2084023e+00   1.8905315e+00
  -2.2414986e+00  -3.3865338e+00  -5.3885352e+00   4.6584670e+00   1.7182143e+00  -6.5055522e-01   6.1707739e+00  -1.1592128e+01   4.4224164e+00  -1.5457898e+00   1.0121385e+00   1.5103009e+00   1.5177211e+00   2.0707615e-01  -3.2567398e+00   5.9601522e+00  -2.8219690e+00   5.9296110e+00   7.3621139e-01   8.4459430e+00  -3.6307347e+00  -1.1005230e+01  -7.1292665e+00  -3.9550291e+00   2.8471402e+00  -2.7032414e+00  -9.2573476e+00  -1.6572455e+00  -8.9077452e+00  -2.3144027e+00  -8.2758605e+00
   1.2338099e-01  -3.8043307e+00  -1.6942893e+00  -3.5541273e+00   6.3628866e+00   2.2375119e+00   8.5660470e+00  -8.4646972e+00  -5.5274217e-01   1.4846123e+00   7.1615109e+00   4.7630986e+00  -6.3955013e+00   6.4812182e+00   3.1537795e+00   2.1158017e+00  -5.4196389e+00  -4.3688350e+00   3.0459347e-01   2.2701257e+00   7.2767960e+00   3.5912357e+00  -1.9398093e-01   1.3883553e+00  -1.5178585e+00  -3.2052009e+00  -1.2335082e+00  -3.0948939e+00   4.9479355e+00   2.2279267e-01   5.7856828e+00
  -1.1393909e+01   2.3657415e+00  -2.8709362e+00   1.5522017e+00  -3.6998100e+00  -2.8878346e+00   1.6761686e+00   1.1879047e+01  -1.6975770e+00   3.6578021e+00  -7.6886610e-01   4.9876872e-01  -9.2995766e+00  -7.4447393e+00   4.8715842e+00  -4.8916582e+00   5.8552689e+00   3.7369257e+00   5.3310400e+00   2.8873330e-01   9.4063248e+00   1.3915471e+00   8.4735170e+00  -1.5700403e+00  -4.6759449e+00  -1.6796410e+00   3.3044882e+00  -2.8818720e+00  -3.4034863e-01  -3.3199580e+00   1.9219176e+00
  -7.1150499e-01  -3.8905877e+00   5.1242303e-01   2.6301150e+00  -1.3481566e+00   1.5863346e+00  -2.3960677e-02   5.4683699e+00   2.7271383e+00   3.6853108e+00   5.7989529e+00   4.6027908e-01  -7.4706991e+00  -5.3200312e+00  -3.5944898e+00   2.4783233e+00   4.5973806e+00   1.5155425e+00  -7.5097836e-01  -2.3904570e+00   9.2491188e+00  -4.2014344e+00   2.1366438e-01  -5.7461471e-01   4.3829645e+00  -1.0667675e+00   2.2899045e+00  -5.4208166e+00  -8.5684410e+00   3.1373995e+00  -1.7246480e+00
   1.2907573e+00  -1.4641812e+00  -2.8457465e+00   5.8613218e+00   5.6547435e+00   8.7526864e+00   4.2935430e+00   2.1551053e-02   3.6929363e+00  -3.2902696e+00   2.1853009e-01  -8.0129123e-01  -5.4742560e+00   1.2086197e+01  -3.8658351e-01  -3.6232660e+00   1.9684568e-03  -2.9809783e+00   3.4486559e+00   2.3324078e+00  -5.0814966e+00  -3.1480102e+00   6.4917194e+00   7.9157194e+00   3.4622191e+00   1.0888583e-01   1.0952339e+01  -2.9769119e+00  -2.6110841e+00   3.5911194e-01   6.0600546e+00
  -5.4699464e+00   2.8162269e+00  -1.3068634e+00  -3.0501926e+00   5.8727106e+00   4.3976850e-01  -3.6029250e+00   3.1886665e+00   4.6934340e+00   2.7678018e+00  -8.3225885e+00  -6.0367628e+00  -1.2122159e+00  -3.1023817e-01  -2.9421227e+00   5.1998691e+00  -1.2184589e+01   5.3499711e+00   1.0253276e+00   3.6638778e+00  -1.1219289e+00  -5.4635048e+00  -9.1625192e-01  -1.7085967e+00   1.0448478e+01   6.4823520e-01   3.7355620e+00   1.4430465e+00   6.8347065e+00   2.4151321e-01  -2.3655882e+00
  -1.9120684e+00  -8.9703235e+00   2.2249992e+00   2.6301356e+00  -8.3123909e+00   9.6592281e+00   4.6436490e+00   7.0635228e+00   1.3973178e+00   4.7572398e+00  -7.2213767e+00   1.1939260e+00  -2.6466462e+00  -3.4832033e+00  -7.5045395e+00  -4.9918729e+00  -6.6930637e+00  -1.1739395e+01   1.1858739e+00  -2.3962894e+00  -5.1481052e+00   5.4078436e+00   8.8706785e+00  -9.6499900e+00   6.4152327e+00  -2.3639368e+00   1.5751739e+00   2.3331758e+00  -3.0660007e+00   1.8793163e+00   7.3402242e+00
   1.4641779e+00   1.6298188e+00  -2.6367044e+00  -2.3320462e+00   1.1963428e+01  -8.1396531e-01   2.5169195e-01  -2.4921979e+00   6.0393385e+00  -5.1985598e+00   3.0453241e+00   3.5644043e+00  -5.3595849e+00   3.7605996e+00   1.5677874e+00  -2.5135555e+00   1.1160272e+01  -2.1607146e+00  -1.9680227e+00  -5.9491697e+00  -7.5508636e+00  -4.3240558e+00   2.4964084e+00  -1.9055691e-01  -5.1187630e+00  -2.8417406e+00   3.8395414e+00   2.4062670e+00   7.0667918e-02  -2.4206813e+00  -4.4055505e+00
  -3.1451377e+00  -7.4792421e+00   3.7188032e-01   3.6143777e+00  -2.8414708e+00   3.7612324e+00   8.9610845e+00   6.6913937e+00   8.5345557e-01  -7.2475592e+00   3.4033454e+00  -1.1277888e+00   9.6944868e+00   4.8681507e+00   9.3623685e-01  -4.6351600e-01   1.0194262e+01  -4.6017494e+00  -7.0189515e+00  -4.5449530e+00  -4.6276970e+00  -9.4666215e+00   4.7595825e+00  -5.1127491e-01  -3.0847116e+00  -4.8797702e+00  -1.9948275e+00  -2.0601295e+00  -8.9057453e+00  -2.4659742e+00  -5.6428305e+00
