   0.0000000e+00   5.0000000e-01   1.0000000e+00   1.5000000e+00   2.0000000e+00   2.5000000e+00   3.0000000e+00   3.5000000e+00   4.0000000e+00   4.5000000e+00   5.0000000e+00   5.5000000e+00   6.0000000e+00   6.5000000e+00   7.0000000e+00   7.5000000e+00   8.0000000e+00   8.5000000e+00   9.0000000e+00   9.5000000e+00   1.0000000e+01   1.0500000e+01   1.1000000e+01   1.1500000e+01   1.2000000e+01   1.2500000e+01   1.3000000e+01   1.3500000e+01   1.4000000e+01   1.4500000e+01   1.5000000e+01
  -2.3938212e+00  -1.7551866e+00   3.3328162e+00   6.4598218e+00  -3.5203250e+00   7.9092757e+00   3.2356635e+00   1.6919220e+00   3.3003668e+00   8.8132924e+00  -2.1903434e+00   1.0269422e+01   1.6433528e+00   4.8918448e+00   6.4073003e+00   8.0222368e-01   4.3890492e+00   9.5184768e+00  -5.1303531e+00   1.4851506e+01   9.0949267e-01   1.2462391e+01  -8.2916431e-01  -7.3749457e+00  -6.4044488e-02  -5.6500761e-01   6.6546781e+00   4.9506254e+00   4.4839230e+00   4.1076573e+00   4.4294184e+00
  -6.1702648e-01  -4.6873855e+00   3.3966717e+00   1.1271462e+01   1.3178440e+00   1.6615924e+00   5.4405401e+00   1.9908964e+00  -2.8888970e+00   5.1735037e+00   3.8145588e+00   4.5469644e+00   1.1588488e+01   8.5537634e+00  -7.8315407e-01   1.8957496e+00   8.4923361e+00   5.0561819e+00   5.5817823e+00   5.4345472e-01   6.3891112e+00   1.0223341e+01   1.0667656e+01   5.2490672e+00  -1.6327162e+00   2.4881957e+00  -7.8030353e+00   9.7354739e+00   2.3156824e+00   2.9857566e-01   2.2055801e+00
  -3.8353116e+00   1.8004657e+00   2.7295867e+00   1.1931251e+01   5.2888465e+00  -3.2535527e+00   1.8913466e+00   3.4551954e+00   4.5842163e+00   8.6750905e+00   5.6259673e+00   1.0631303e+00   1.1492805e+01   1.1231947e+01   5.4377327e+00   1.4277263e+01   8.9176773e+00   4.8384752e+00   7.8678473e-01   1.0020717e+01   1.1265285e+01  -3.8933074e+00   5.4870985e+00   8.8017291e+00   6.0431737e+00   9.2356896e+00  -2.5177615e+00   3.5948544e+00  -2.0694002e+00  -5.9022645e-01   4.9193764e-01
   4.1879918e+00   4.3268634e+00   3.0075198e+00   3.3874639e+00  -1.3764675e+00   1.6999013e+00   3.2807428e+00   6.9799371e+00   7.8220329e+00  -2.1893104e+00   6.2522531e+00   4.2193262e+00  -3.2595184e+00   6.2479937e-01   1.2300364e+01   7.5042277e+00   2.2987830e+00   7.1550309e+00   1.1329386e+01   8.7927936e+00   1.1475312e+01   7.2160862e+00   3.4889450e+00   1.9425190e+00   3.5017144e+00   6.7947362e+00  -1.4558505e+00   1.5729125e+00   7.5676541e+00   2.6793302e+00  -6.9017833e+00
   6.4216248e-01  -3.8306405e+00   4.4116331e+00   5.5637819e+00   5.3450390e-01   2.3652899e+00   1.4788312e+00   1.1730525e+01   4.4780906e+00  -2.3264532e+00   6.5684210e+00   1.7948759e+00   4.6627023e+00   6.8578607e+00   1.2380244e+01   9.9337174e+00   2.5781580e+00   1.0386901e+01   1.2420251e+01   3.1385076e+00   1.5235393e+01  -7.6215908e-01   4.4213947e+00  -4.6507911e+00   4.3622262e+00  -1.2113803e+00   6.3895492e-01  -6.5694941e-01   6.2921124e-01   2.6798019e+00  -4.5099653e+00
   4.2941817e+00   3.0597362e+00  -1.4755063e+00   7.1117387e+00   4.2334343e+00   7.5323097e-01   3.9896479e+00   5.6648637e+00   3.8140915e+00   5.8031892e+00   3.2650308e+00   3.9172719e+00   2.8153505e+00   4.1294401e+00   1.1529535e+00   9.1960074e+00   6.4326287e+00   6.6882587e+00   1.4574259e+01   1.0207154e+01   1.2017379e+01   1.9184786e+00   1.7107429e+00   8.9636497e+00   1.5443372e+00   3.6310650e+00   1.2714109e+01  -9.2287982e-01  -1.6602615e-01  -2.7897220e+00   1.0340529e+00
  -4.2362214e+00  -5.5020243e+00  -2.4921940e-01  -4.6826219e+00  -1.1771523e+01  -6.1752369e+00  -1.1587490e+00  -9.1008124e-01   6.0542860e+00   2.6538956e+00   4.3932243e+00   4.6946609e+00  -6.0147932e-01   1.3495944e+01   5.9494747e+00   9.6455838e+00   6.6455561e+00   6.9489116e+00   1.2477358e+01   5.0038818e+00   9.6332807e+00  -6.0655174e-01   1.1055481e+01   1.5719097e+00   3.5026633e+00  -6.3570211e+00   1.8167922e+00  -1.0963472e+01   7.7170566e+00   5.6234829e+00  -5.1989993e+00
   9.7267441e+00   6.6716949e+00  -4.6724935e+00  -1.0053969e+00   5.0186438e-01   8.4210399e-01  -3.9828527e+00   1.1363218e+01   4.3888993e+00   1.8777082e+00   1.0458586e+01  -5.5890983e+00   5.9092813e+00   4.8044394e+00   1.4829485e+00   8.4776409e+00   6.9360312e+00   1.2133073e+01   9.6555841e+00   1.1469049e+01   4.5520772e+00   2.0779400e+00   1.8077359e+00   6.6952551e+00   6.6834573e+00   4.6298959e+00   3.3667498e+00  -4.9249492e+00   5.7573725e+00  -1.1082337e+01  -9.6473827e+00
  -2.0591138e+00  -6.6192919e+00   3.7482069e+00   9.1230265e+00  -7.3725627e+00   1.1455723e+01  -3.7907686e+00  -7.5655529e-01  -2.1334035e+00   9.3322882e-01   7.8984270e+00   1.0570111e+01   2.4949819e+00   5.7310009e+00   1.0984404e+01   1.3872500e+01   9.8272427e+00  -2.5506214e+00   8.4716359e+00   1.0382098e+00  -1.6306581e+00   7.8582764e-01   1.4289355e-02   9.4318603e+00   1.5711162e+00   4.5908070e+00  -1.4787325e+00  -3.2110005e+00  -1.0668606e+00   6.9133581e+00   9.3655321e+00
  -1.9307371e+00   3.6886961e+00   1.7967793e+00  -1.6506259e+00   6.3803024e+00   3.7233585e+00   5.8293132e+00  -3.8802386e+00   2.3821470e+00   3.7991613e+00   1.4024685e+01   6.7885523e-01  -5.8420946e-01   7.7659489e+00   9.7427943e-01   9.1737012e+00   1.6118096e+01   8.0013976e+00   1.5533924e+01  -1.4130166e+00   8.7039962e+00   2.5370000e+00  -1.0023320e+00   2.4457907e+00   3.3579146e+00   1.4022003e+00   2.9228868e+00   1.4096886e-01  -7.4029814e-01   7.7986655e+00   6.2492251e-01
