   0.0000000e+00   5.0000000e-01   1.0000000e+00   1.5000000e+00   2.0000000e+00   2.5000000e+00   3.0000000e+00   3.5000000e+00   4.0000000e+00   4.5000000e+00   5.0000000e+00   5.5000000e+00   6.0000000e+00   6.5000000e+00   7.0000000e+00   7.5000000e+00   8.0000000e+00   8.5000000e+00   9.0000000e+00   9.5000000e+00   1.0000000e+01   1.0500000e+01   1.1000000e+01   1.1500000e+01   1.2000000e+01   1.2500000e+01   1.3000000e+01   1.3500000e+01   1.4000000e+01   1.4500000e+01   1.5000000e+01
  -1.9374543e+00   2.6141371e+00  -3.3008980e+00   6.2656330e-01   8.1037409e+00   6.6037052e+00   2.5581740e+00   4.0789936e+00   8.7685319e+00   1.9572228e+01   1.2507979e+01   1.1119011e+01   7.7159627e+00   6.5001355e-01  -1.0219221e+00  -4.2217103e+00  -3.6302673e+00   6.8178280e+00   1.1873202e+00   2.4337750e+00  -1.7597175e+00  -4.0226476e+00  -6.1176426e-01  -1.2978863e+00   4.0359539e-01  -6.3897277e-01  -1.0848714e+00   4.8684412e+00   3.8064487e-01  -2.6514086e+00  -5.6439221e+00
   5.5797174e+00   4.7098739e+00  -1.0349954e+01   3.4059881e+00   2.0033519e+00   6.2253002e+00   8.4436970e+00   2.5532244e+00   5.0771815e+00  -1.9835182e+00   7.9366959e+00   3.5428202e+00   1.2001164e+01   7.8169232e+00  -1.4386964e+00  -2.6917890e+00   5.8686387e+00  -6.7743802e+00   1.6166101e+00  -2.9155954e+00   1.1769586e+01  -1.0403612e-01   5.9134844e+00  -3.1134495e+00  -3.2041481e+00  -2.8723458e+00   1.4158725e+00  -9.7187543e+00  -6.6483579e+00   3.8235419e+00  -5.4626213e+00
   9.3029259e-02   3.1924491e-01   4.8929584e+00  -2.1020251e+00   7.4309859e+00  -7.3970854e-01  -1.2210936e+00   6.0166546e+00   4.2757880e+00   2.0802033e+00   8.3426103e+00   4.0556942e+00   1.1185232e+01   4.1603446e+00   7.4232981e+00   1.2858141e+01  -6.8809333e+00  -4.0927805e+00   7.8539597e+00  -4.9559169e+00   2.6168613e-01   1.5539883e+00   4.4353419e+00  -7.9333933e+00  -1.2904513e+00  -3.9437542e+00   1.5610210e+00  -7.7184239e-01   2.1219261e+00   3.8416201e+00   3.7596269e-01
  -2.7963321e+00   7.4556756e+00  -6.0137180e+00   5.2402119e+00   6.2055979e+00   6.8620156e+00   5.7453523e+00   4.6846073e+00   6.6910388e+00   3.1180793e+00   7.4688693e+00   1.0913921e+01   2.3639988e+00   1.1224743e+01   2.6584927e+00  -5.1951188e+00   1.4507594e+00   9.3493649e+00   1.2581093e+01  -3.5869937e-01   6.5626425e+00  -4.0178855e+00   5.1408993e-01  -4.4021897e+00   4.4765156e+00   2.6309384e+00   1.2767084e+01   4.2030768e+00   1.6791538e+00  -2.2696415e+00  -1.0964776e+00
   1.9241917e+00  -2.8545719e+00  -2.7779708e+00   9.2788173e-01   1.0666787e+01   1.0221182e+01   1.0091188e+01   6.6710187e+00   1.0981015e+01   1.4125450e+01   9.0258556e+00   8.7146372e+00   1.7596417e+01   8.9180431e+00   2.8664243e-01   3.1975110e+00   2.9856846e+00   2.2815899e+00   3.0997763e+00  -7.2154695e+00   3.3775733e+00  -6.4990392e-01  -6.5555383e-01  -1.5077562e+00  -1.2846878e+00   1.0762180e+00  -6.4481363e+00  -6.4879733e-01  -3.9587239e+00   3.7550782e+00  -1.0821640e+00
   2.8011828e+00   2.0717383e+00   1.2492307e+00   6.3148164e+00   9.6261232e+00  -1.7015806e+00   7.3388776e+00   2.4874931e+00   5.2753580e+00   8.7869911e+00   1.5148238e+01   8.3106794e+00  -3.9048659e+00   1.7193139e+01   4.7678837e+00   1.8896911e+00   5.9947502e+00   9.7785438e+00   1.2382832e+00   7.9601986e+00   2.3770775e+00  -4.8168306e+00  -1.4850846e+00  -2.9348453e-01   4.4204355e+00   3.3238760e+00  -1.3263130e+00   4.0911890e-01  -2.6270837e-01   1.0799372e-01  -1.1687722e+00
   4.2824265e+00   7.6285254e+00   6.7126542e-01   7.1132869e+00  -3.9028918e+00   1.0070096e+01   6.8026812e+00   1.8488333e+00   1.1355054e+01   7.5443139e-01   5.1882528e+00   9.3884643e+00   6.1203393e+00   1.3274429e+01   1.0094157e+00   3.8647349e+00  -2.7206571e+00  -7.4140152e+00   3.6805874e+00  -2.4370510e+00  -7.6380849e+00   8.4801823e-01   4.9228409e+00  -2.1950741e+00   1.1135440e+01  -7.2893538e-01   4.0931398e+00   9.7403113e-01   8.9228753e+00  -1.1006731e+00   8.4040261e-01
   5.1877922e+00   8.6531704e+00  -1.0225866e+00  -1.5831971e+00   6.9558452e+00   5.6365549e+00  -1.5259117e+00  -2.2404000e+00   5.8848564e+00   1.3096875e+01   8.0683792e+00   7.9262935e+00   9.1213377e+00   8.3135120e+00   8.3317749e+00  -2.6147291e+00  -9.5906809e-01   3.0974677e+00   4.3162738e+00  -3.2312746e+00  -2.1275431e+00  -3.3038220e+00  -5.9036474e+00  -5.3057155e+00   6.9671507e+00  -3.3553643e-01   1.6213242e+00   1.5582852e+00  -4.5244253e+00   3.6794819e+00  -3.2538151e+00
   5.1735486e+00   4.6444018e+00   3.5555215e+00   3.5670073e+00   1.3464747e+01   8.2200252e+00   7.3473368e+00   4.2460434e+00   9.3065712e+00   6.0370539e+00  -4.3305530e+00   3.5934473e+00   6.9428959e+00   5.2104075e+00  -6.1446072e-01   3.1694870e+00   5.7791621e+00   5.1210110e+00   1.9081310e+00   4.7032185e+00  -3.4568321e+00   5.1331670e+00  -5.6947353e+00   5.5937198e+00   3.8747380e-01  -4.4096638e+00   8.9452822e+00   2.9431106e-01   4.9272928e+00  -7.8700903e+00  -3.3680253e+00
   6.7230604e+00   4.1152130e+00   1.3028291e+01   4.4902721e+00  -8.4587246e-01   4.9964955e-01   1.2040633e+01  -1.0369078e+00   9.9064064e+00   2.7114400e+00   3.9528704e+00   4.6395446e+00   5.5669705e+00   5.5528704e+00  -6.2303110e+00   7.3853617e+00   2.9339735e+00  -5.7575496e-01  -2.7125458e+00   1.0958394e-01   4.3372942e+00  -4.4735331e+00   6.9727431e+00  -3.8948083e+00  -5.1649368e+00  -5.2661378e-01  -1.7345132e+00   1.8971037e+00  -1.3962810e+01  -3.4710177e+00  -2.2939607e+00
