   0.0000000e+00   5.0000000e-01   1.0000000e+00   1.5000000e+00   2.0000000e+00   2.5000000e+00   3.0000000e+00   3.5000000e+00   4.0000000e+00   4.5000000e+00   5.0000000e+00   5.5000000e+00   6.0000000e+00   6.5000000e+00   7.0000000e+00   7.5000000e+00   8.0000000e+00   8.5000000e+00   9.0000000e+00   9.5000000e+00   1.0000000e+01   1.0500000e+01   1.1000000e+01   1.1500000e+01   1.2000000e+01   1.2500000e+01   1.3000000e+01   1.3500000e+01   1.4000000e+01   1.4500000e+01   1.5000000e+01
  -5.0880234e+00  -3.1183153e+00   9.9937158e-01   6.9325935e+00   9.9712833e+00   4.0982637e+00   4.5734038e+00  -6.0259078e-02   3.0885414e-01  -3.0307834e+00   3.5963251e+00   7.4662832e+00   7.8838711e+00   1.0629666e-01   2.6357742e+00   4.7117824e+00  -1.2221514e+00   2.5889013e+00   3.1019016e+00   3.7901170e+00  -2.0534448e+00   7.5931256e+00   5.5809056e+00  -1.1329175e+01  -5.0297526e+00  -1.3055143e+00  -9.8265329e+00   8.0037264e+00   1.2799329e+00   3.3073691e+00  -5.5984874e+00
   1.0500189e+00   8.5828931e+00   3.7756066e+00   4.1710268e+00   3.3067008e+00   9.9557948e-02  -5.0298250e+00   1.1374930e+01  -5.9559607e+00   3.2549809e+00   3.0859542e+00   1.1643481e+01  -2.1247706e-01   8.8379391e+00  -9.6185538e-01   2.6061092e+00   5.2945916e+00  -3.3002022e+00   4.3911291e+00   9.9862106e+00   1.4702195e+00   1.3841956e+01  -2.6710553e+00   1.4494515e+01   3.4770792e-01   1.6812881e+00  -4.3359055e+00  -9.5914302e+00  -1.4738436e+00   3.0169376e+00   4.1935545e+00
  -8.3094255e+00  -9.5129224e+00  -2.0378722e+00   4.3326836e-01   1.2372964e+01  -1.1578739e+00   1.4514211e+00   5.3922775e+00  -1.8203672e+00  -4.6081525e+00  -6.8315192e+00   7.1526350e+00   3.8298343e+00   9.7246795e+00  -7.2102786e-01   6.6019835e+00   1.1767609e+01   4.4508438e+00   1.4146435e+00  -6.8684326e+00   7.2201678e+00   4.2820431e+00  -3.1972855e+00   3.2153898e+00   1.1104331e+01   2.0948370e+00   1.3931048e+00   6.6053264e+00   4.5805451e-02  -6.5914540e+00  -2.7331422e+00
   3.8428102e+00  -4.4607243e+00   7.0038566e+00   1.4362982e+00   8.8414069e-01   2.3150351e+00   1.6274404e-01  -2.2377647e+00   3.1546858e+00   7.4683115e+00   9.3040702e+00  -2.2356288e+00   5.4403795e+00  -3.6399787e+00   8.0226186e+00   1.6327944e+00   2.6141170e+00   1.0006685e+01  -9.0686793e+00   1.7482805e+00  -4.4060490e+00  -6.9274442e+00   3.8933215e+00  -1.4623871e+00  -1.5847845e+00   7.4341571e-01  -1.9421395e+00  -2.6476888e+00   4.5035587e+00  -3.9979790e+00  -1.2432420e+00
   2.5313237e+00  -3.9149241e+00   1.0379521e-01   3.3462526e+00   1.0618263e+00   1.3295258e+01  -6.0177254e+00   5.7714136e+00   4.6971240e+00  -3.1995479e+00  -1.8032366e+00   1.6067333e+00   1.3424063e+00   1.1123445e+00  -6.2427976e+00   1.0071176e+01  -8.2433082e-01   1.9138374e+00   2.7607024e+00   5.7804642e+00   3.5770884e+00   2.0913069e+00  -6.2963009e+00   5.4083468e+00   8.4003307e+00  -6.8665525e+00  -7.4365458e+00  -2.0812354e-01   5.2054441e-01  -4.1409290e+00  -2.7746284e+00
  -7.6205348e-02  -6.1199654e+00   3.8106357e+00   5.0629695e-01   1.0356373e+00   8.3708703e+00  -3.3727457e+00   8.4051696e+00   6.0831544e+00   1.3660325e-01   2.7024990e+00   8.3762687e+00   3.0408539e+00   3.8755423e+00   3.5439076e+00   1.1942923e+00   8.0945104e+00   6.3321402e+00   9.9359163e+00  -8.7781270e-01   3.8520733e+00   4.5633630e+00   1.8069850e+00   7.1245289e+00   3.5776002e+00  -5.2169029e+00  -2.0004009e+00  -3.4645395e+00   1.8834743e+00  -2.4585894e+00  -1.0470163e+01
  -3.2585947e+00   7.3490935e+00  -1.5035890e+00   1.3717760e+01  -7.8847764e+00  -2.2900408e+00   3.2496193e+00   8.1167982e+00  -1.4680697e+00  -1.5122042e+00   7.3063815e+00   1.4830458e+00   5.1464513e+00   7.6510950e+00   3.0746523e+00   6.9469981e+00   5.3463465e+00  -5.1571575e+00  -1.2206113e+00   3.9592753e+00  -8.7617188e+00  -2.9381573e+00  -1.1513138e+01  -2.7363346e+00  -1.4205439e-01   1.8234309e+00  -2.6853719e+00  -1.5203299e+01   7.8684553e+00  -1.9615733e+00   7.1890489e+00
  -6.7013838e+00   4.6183949e+00   2.8537925e+00  -2.1167034e+00   1.2441995e+01   1.0493981e+01   4.4999418e+00   8.0876467e-01   3.5118383e+00   4.3894814e+00  -1.8201785e+00  -2.7007220e-02   8.9894570e+00   6.5335706e+00   3.0672435e+00  -2.5272600e+00  -9.3536889e-01   5.7780763e+00   3.1292943e+00   7.8184219e-01   4.7729126e+00  -8.0957322e+00   6.7724213e+00   2.5787388e-01  -1.5307593e+00   3.3707683e+00   3.4525045e+00   5.2630298e+00   4.7854306e+00   6.2181823e+00  -1.1988594e+00
  -3.4730857e+00  -2.8705774e+00  -1.1661137e+00   6.4226345e+00  -7.4545929e+00  -1.5422165e+00   1.8889972e+00   4.7845540e+00  -4.0882468e+00   4.4839009e-01   1.7693252e+00   1.5911325e+00   3.2622353e+00   9.7746450e-01  -1.9337386e+00  -3.7597100e-01   1.6012603e+00   8.2868019e+00   3.4097322e+00   1.5274007e+00   2.4973447e+00   3.2272724e+00   9.6199669e+00   1.8633790e+00   7.9854809e+00   1.9078756e+00   4.2519697e+00   3.0697921e+00   9.0061695e+00  -4.6151040e+00  -4.5347895e+00
   1.9448565e+00   4.6474439e+00   9.1668801e-01  -8.0292270e-01   7.7334560e+00  -2.7166086e+00   4.5611914e+00   1.0297749e+01   2.7884316e+00  -3.3371215e+00   1.3289759e+01  -2.9241739e+00   2.8063691e+00   5.5993574e+00   7.6892775e+00   1.2403178e+00   4.7469159e+00  -7.4158444e+00   1.6234037e+00  -2.6171904e+00  -7.4280991e+00   6.3824692e+00   8.0187924e+00   1.7415585e+00  -5.0566106e+00   1.2399196e+01  -1.7759559e+00   4.7360788e+00  -5.6654879e-01   6.6462350e+00   1.6603781e+00
