   0.0000000e+00   5.0000000e-01   1.0000000e+00   1.5000000e+00   2.0000000e+00   2.5000000e+00   3.0000000e+00   3.5000000e+00   4.0000000e+00   4.5000000e+00   5.0000000e+00   5.5000000e+00   6.0000000e+00   6.5000000e+00   7.0000000e+00   7.5000000e+00   8.0000000e+00   8.5000000e+00   9.0000000e+00   9.5000000e+00   1.0000000e+01   1.0500000e+01   1.1000000e+01   1.1500000e+01   1.2000000e+01   1.2500000e+01   1.3000000e+01   1.3500000e+01   1.4000000e+01   1.4500000e+01   1.5000000e+01
   2.0703603e+00   8.4220394e+00   2.6549347e+00  -7.4481547e-01   2.7890134e-01   3.5247299e+00   3.7405074e-01  -3.1325240e+00  -4.0197180e+00   3.1286686e+00   7.0652180e+00   9.3279654e+00   7.9732964e+00   4.8885651e-01   8.8850725e+00   3.1445277e-01   5.1093188e+00  -8.1592263e-01   1.2612385e+01   8.0140769e+00   1.0011812e+01   4.2045076e+00   5.7241101e+00  -1.8688171e+00  -3.6709063e+00  -2.9310695e+00   1.0699093e+01   3.0559634e+00  -7.3430830e-01  -1.9357041e+00  -4.9192253e+00
   6.5294981e+00   4.9472833e+00   2.3450126e+00   2.3690688e+00   6.7137867e+00   6.0340522e+00   7.8704184e+00  -4.1709305e+00  -2.0051470e+00   7.6576718e+00   7.6432569e+00   8.2640567e+00   4.1433344e+00   5.4245422e+00   3.1499754e+00   5.1432606e+00   1.2602596e+01   7.4897310e+00   7.1771058e+00   7.7962757e+00  -2.9373419e+00   1.5051971e+01   1.5288957e+00   1.4199124e+01   2.7253646e+00   5.4299942e+00  -7.6462789e-01   9.2966268e+00   1.4193906e+00   6.7674291e-01   3.2121970e+00
   5.5919714e+00  -5.0955941e+00  -6.6769086e+00   3.7258099e+00   1.6959452e+00  -8.3701848e+00   5.3516200e+00  -2.1696739e+00   3.6161999e+00   7.4795249e+00   6.8655131e+00  -5.0305971e-01   3.2908380e+00   8.7671972e+00   1.0961607e+01   8.2941785e+00   1.3421454e+01   1.0617006e+01   8.6013486e+00   2.1759287e+00   6.8509229e+00   8.6215423e+00   9.4882764e+00   3.4786110e+00   2.3525818e+00   7.8245087e+00   8.2087696e+00   1.5118869e+00  -2.6081465e+00   7.0947323e-01   1.4199016e+00
   3.1855482e+00  -1.6380411e+01   7.5103964e+00  -8.7176835e+00  -4.1354097e+00  -7.5062879e+00  -3.4144455e+00  -5.8206452e+00   3.2007651e+00   8.8330364e+00  -2.2797579e+00  -5.9614292e-01  -2.6902231e+00   7.6186614e+00  -1.1851486e+00   4.8468397e+00   1.3780199e+00   4.0113655e+00   7.5025534e+00   9.1671423e+00  -1.3609431e+00  -5.8729295e-01   3.1581060e-01  -2.7709726e-01   5.6760936e+00  -7.8757959e-01  -2.6819041e+00  -1.0748706e+01  -1.0965248e+00   2.7796889e+00   4.8039403e+00
   3.5814780e+00  -3.2254484e+00  -3.9340125e+00   6.7776870e+00  -1.2883607e+01   6.3810383e+00   1.2296237e+00  -4.0469281e+00   3.8525685e+00  -2.4077574e+00   8.0822421e+00   1.1609997e+01   1.1951092e+01   3.3906313e+00   4.2436994e-01   1.0288322e+00   4.7228774e-01   2.7191811e+00  -5.0861479e+00   7.8054585e+00   8.3657139e+00   3.8218838e+00  -5.4925731e-02   3.6356341e+00  -1.6625925e-01   6.3855586e-01   4.5688885e+00   4.2964203e+00  -5.6164655e+00   5.3430796e+00  -2.7120134e+00
  -6.0276204e+00  -1.3089689e+01  -6.7914870e+00   2.6804298e-01  -3.3097364e+00  -8.8599917e+00   5.6148751e+00   8.9815780e+00   3.8201899e-01   3.4766478e+00   8.9647792e+00   2.7409027e-01  -5.0166493e-02   7.2489539e+00   4.2851046e+00   3.3146808e+00   3.8207377e+00   6.5910891e+00   1.1426726e+01   8.1194857e+00   1.1705667e+01   1.0723122e+01   5.2728731e+00   1.1916401e+00  -6.4041328e-01   4.5385409e+00   6.3935613e+00   3.3111912e+00   3.6772951e+00  -3.2400789e+00  -3.9153574e+00
  -1.1317371e+01   8.3256716e+00  -4.8892116e+00   1.8589418e+00   6.3678241e+00   7.1292597e-01  -7.2928978e+00  -8.1792830e+00   7.6177224e+00  -3.0671258e+00   3.6374696e+00   7.4654292e+00   1.0048610e+01   5.8095058e+00   7.3466852e+00   5.5870451e+00   6.5775316e+00   3.7263536e+00   3.3023712e+00   4.9838551e+00   3.2150545e+00   5.3202025e+00   6.9991419e+00   3.6282755e+00   7.2900090e+00   9.6533156e-01   8.0266180e+00  -3.9162869e+00   1.4425019e+00  -6.1668876e+00  -3.6302491e+00
  -4.7974997e+00   2.3722993e+00  -1.5450945e+00  -3.7809408e+00   6.9728956e-01   1.2502239e-01  -1.4105263e+00  -5.2595683e+00   4.6495783e+00   2.4025284e+00   5.3553054e+00   9.4670951e+00  -2.7355496e+00   5.4828086e+00  -1.3207823e+00   3.8966018e+00   6.2607037e+00  -1.0561930e+00  -5.9100161e-01   6.9304490e+00   5.8135294e+00   9.3811583e+00  -5.1158602e+00   6.3420524e+00   5.2529552e+00   9.5000734e+00   1.4788712e+00   2.1186473e+00   9.2153628e-01  -4.0800166e+00   2.7010572e+00
  -7.3437150e+00  -4.2825856e+00   4.4001657e-01   3.2915373e+00   3.7807120e+00   1.4314851e+00   1.0216592e+01   8.1878723e+00  -2.7542575e+00   8.3320681e+00   4.9217700e+00   1.2420299e+01   6.5330877e+00   4.3805041e+00   6.9780073e+00   1.5807003e+01   5.9117106e+00  -5.6513317e+00  -3.1926213e+00   7.4474435e-01  -1.4535467e+00   1.0505255e+00   2.3047852e+00   4.7255071e-02  -5.3905334e+00   4.1150224e-01   5.9084779e+00  -4.2889020e-01  -4.6875758e+00   1.2618078e+00  -1.0862378e+00
   8.5573035e-01   1.8932443e+00  -1.1248020e+01   3.3960567e+00   1.8316471e+00  -2.5311296e+00   3.5854256e+00   2.7126216e+00   4.0781818e+00  -5.2997882e+00  -9.7855108e-01  -3.9794923e-01  -1.3860800e+00   3.5892462e+00   8.1389180e+00   1.1138282e+01   1.0100985e+01   6.3405642e+00   2.5160141e-01   4.7385511e+00   7.3566794e+00   4.9837822e+00   4.6694420e+00  -7.1243258e-01  -5.7224102e+00   1.2739698e+00   5.3954858e+00   1.2828435e+00   3.3852789e+00   2.8793671e-01   3.3767058e+00
