   0.0000000e+00   5.0000000e-01   1.0000000e+00   1.5000000e+00   2.0000000e+00   2.5000000e+00   3.0000000e+00   3.5000000e+00   4.0000000e+00   4.5000000e+00   5.0000000e+00   5.5000000e+00   6.0000000e+00   6.5000000e+00   7.0000000e+00   7.5000000e+00   8.0000000e+00   8.5000000e+00   9.0000000e+00   9.5000000e+00   1.0000000e+01   1.0500000e+01   1.1000000e+01   1.1500000e+01   1.2000000e+01   1.2500000e+01   1.3000000e+01   1.3500000e+01   1.4000000e+01   1.4500000e+01   1.5000000e+01
   8.7757554e+00  -5.4826485e+00   4.0341331e+00   9.7624129e+00  -4.9571717e+00   6.4460057e+00   2.5508931e+00   8.1102495e+00   5.5915694e+00  -4.0393760e+00   5.8465736e+00  -2.6958726e+00   1.4678389e+01   1.4397197e+01   5.6047302e+00   1.0688132e+01   4.3818376e+00  -3.4252689e+00   1.5182141e+00   1.0953508e+01  -1.5058480e+00   1.8112760e+00  -5.9026867e+00  -1.0389543e+01  -7.5855050e+00   5.2628418e+00   4.1880239e+00   4.1636840e+00  -4.8407759e+00  -3.2022612e+00   9.2721278e+00
  -4.8408149e+00   5.1828182e-01   4.7148858e-01   1.0506046e+01  -1.0718435e+00   3.5644314e+00   5.7046179e+00   9.3429093e+00   5.2868582e+00  -4.8784015e+00   1.3175049e+00   4.4646260e+00   1.5935324e+01   5.1502471e+00   9.1383239e+00   1.0272833e+00   1.0168130e+01   1.1156334e+01   3.9991072e+00   6.1906140e+00   7.5870713e+00  -8.9479005e-01  -4.1559001e-01  -8.1380390e-02  -7.7258350e+00  -7.7969967e+00   5.5696464e+00   2.4868346e+00   2.2152780e+00  -2.9494749e+00   1.1201445e+01
  -3.6397086e+00   5.8581389e+00   1.6617409e-01   7.3413693e+00  -2.0476394e+00  -9.3313730e+00   1.3100994e+00   6.0601772e+00   6.4970097e+00  -1.8367204e+00   3.4845159e+00   1.2675167e+01   1.1067370e+01  -3.6369698e+00   7.4535163e+00   1.1344710e+01   1.3157101e+00   1.7995184e+01   9.4465543e+00   2.5211712e+00   3.4902324e+00   3.4201264e+00   2.7145690e+00   1.1536804e+01  -9.4531942e-01   2.5516362e+00   3.6010350e+00  -4.3656954e+00   1.7459649e+00  -2.0417256e+00   1.7656865e+00
   2.0666234e+00  -7.3154750e+00  -5.4365547e+00   1.1809193e+01   4.3754899e+00   2.6330826e+00  -2.6530144e+00   4.8037432e-02   8.6857057e+00   2.2725705e+00   8.4428892e+00   4.6018664e+00   4.0358030e+00   1.1340509e+01   1.7690943e+00   3.4400996e+00   1.3828780e+01  -3.4058665e-01  -9.5305578e-01   8.5666184e-01  -1.7919817e+00   7.7960649e+00   5.6406806e+00   4.3253863e+00   4.0502774e+00   4.6801229e+00  -6.9031815e+00  -1.4640296e+00   7.3036069e+00   9.2000356e-01  -7.1669945e-01
   4.4297941e+00  -3.4156744e+00   9.1544410e+00   7.7466403e+00   8.0292973e-01   9.3863800e+00   5.2440245e+00   1.3678473e+00   6.7055495e+00  -3.5707859e-01   7.4082158e+00   1.4514964e+01   5.3091520e+00   5.3980035e+00   4.7877449e+00   1.0574685e+01  -7.0211217e-01   7.3146873e+00   5.1452300e+00   7.2904246e+00   5.5286633e+00  -1.5138217e+00  -2.4873978e+00   3.4039140e-01   3.9567514e+00   4.9720921e+00   3.9685387e+00   4.6413230e+00   5.9618899e+00   1.0397266e+01  -3.1395479e+00
   4.8370091e+00   7.9971478e+00   4.2395244e+00   3.1888146e+00   1.9688087e+00   8.3394544e+00   6.5491769e+00  -6.0883094e+00   3.6442675e+00   4.7026464e+00   2.2319695e+00   9.9685664e+00   7.1922531e+00   1.8234407e+00   2.5722901e+00   7.0489597e+00   2.2279685e+00   6.6635765e+00   3.7766924e+00   6.5691116e+00   2.0805047e+00   4.8728749e+00  -1.8891286e+00   1.0284555e+01   6.0739376e+00   9.9398508e+00   4.2012414e+00   2.4577680e+00  -1.0840096e+00  -8.7431686e-01   4.2955104e+00
  -1.2897362e-01   2.7149391e+00   3.0426527e-01   8.7734120e+00   1.0168062e+00  -2.9780887e+00  -8.5627690e+00   6.5686660e+00   2.1483417e+00   7.2977390e+00  -5.6324342e+00  -8.4419769e+00   8.7337805e+00   4.8660996e-01   9.2455342e+00  -1.6317196e+00   5.2306552e+00   9.0352737e+00  -2.7519084e-01   1.7706908e+01   9.8304344e-01   1.6066043e+01  -1.2802939e+01   1.2315896e+01   3.7056491e+00   1.5914764e+00   7.1828871e+00   7.8654975e+00  -1.8019481e+00  -4.2840358e+00  -3.9274407e+00
   1.1925842e+00  -5.1167065e+00  -2.6803462e+00   4.9617827e+00  -5.0211020e+00  -2.6993893e+00  -5.9789417e+00   1.1887695e+00   2.4705937e+00   5.6457392e+00   3.5982264e+00   1.0391586e+01   1.0965382e+01   1.5504014e+00   8.7555113e+00  -5.9421889e-01   6.3458941e+00   6.2475145e+00   5.1332491e+00   7.1340273e+00   3.5352284e+00   8.2162873e+00   3.3064660e+00  -1.1319485e+00   1.6754944e+00   2.9329207e+00   5.1394640e+00  -1.8462961e+00  -6.6985493e+00   7.3779379e+00  -8.1424772e+00
   4.4840513e+00  -4.7277900e+00   3.4588425e+00  -6.7331847e+00   1.3150352e+00  -4.1245269e+00   5.7401506e-01   3.1786061e+00   2.8106687e+00   1.4107995e+00   1.0406108e+01   6.1350096e+00   7.2805586e+00   9.1172002e+00  -2.1548740e+00   8.2359073e+00   7.3490868e+00   1.1574826e+01   8.5651456e+00  -5.4607652e-01   4.3823232e+00   2.1924480e+00   6.4684074e+00   1.0444166e+00   1.8006517e+00  -1.7225921e+00   1.5831978e+00   1.8891092e+00   3.9997906e+00   1.9571247e-01  -2.3550954e+00
   4.7276648e+00   9.3292464e+00   2.4250108e+00   3.8256846e-01   7.9222166e+00  -1.9272667e+00  -1.9925965e+00   1.5010053e+00  -6.9704668e+00   6.1448280e+00   6.2362349e+00  -1.6066883e+00   4.3563288e+00   1.0753823e+01   5.3692014e+00   1.0659147e+01   3.5380444e+00   8.2793871e+00   6.6925967e+00   4.7137079e+00   6.7440863e+00   4.0659563e+00  -3.6598029e+00   4.5147294e+00   2.9821973e+00   1.6091157e+00   2.0514280e+00   4.8669335e+00  -7.5127144e+00   7.3794197e+00   3.0391144e+00
