   0.0000000e+00   5.0000000e-01   1.0000000e+00   1.5000000e+00   2.0000000e+00   2.5000000e+00   3.0000000e+00   3.5000000e+00   4.0000000e+00   4.5000000e+00   5.0000000e+00   5.5000000e+00   6.0000000e+00   6.5000000e+00   7.0000000e+00   7.5000000e+00   8.0000000e+00   8.5000000e+00   9.0000000e+00   9.5000000e+00   1.0000000e+01   1.0500000e+01   1.1000000e+01   1.1500000e+01   1.2000000e+01   1.2500000e+01   1.3000000e+01   1.3500000e+01   1.4000000e+01   1.4500000e+01   1.5000000e+01
  -8.6558252e+00   1.5263605e+00   4.5953030e+00   3.2655405e-01   4.7176671e+00   2.6605674e-01   1.1913959e+00  -2.7223578e+00   9.1217452e-02   3.8688337e-01  -2.2227985e+00   9.6555293e+00  -2.7086381e+00   1.0139442e+01   7.1632642e+00   3.4407728e+00   1.0284834e+01   1.2791874e+01   2.7710050e+00   4.6243907e+00   8.9208024e+00   8.6285722e-01  -1.7316356e+00   5.6316486e+00   3.8677484e-01   2.5617278e+00   7.1460799e+00   8.8423299e+00   3.6097145e+00   3.3028040e+00  -3.5487078e+00
   9.4213138e-01   1.3808732e+01  -8.9044104e+00   4.1633115e+00   2.3919541e+00   1.6065645e+00  -1.3182289e-01   2.0890493e+00   4.2015169e+00  -2.2986232e-01   4.4064585e+00   1.3837628e+01   8.0597556e+00   7.3962015e+00   6.8461015e+00   1.2012468e+01   4.9232645e+00   7.7743842e+00   6.7913679e+00   9.4432965e+00  -1.0090967e+00   1.0756362e+01   5.9846624e+00   9.4135137e+00   1.0051430e+01   2.9866094e+00  -2.0034333e+00   2.0337610e+00  -4.1498800e-01  -1.1106495e+00   6.3659902e+00
  -6.2997495e+00   7.4112531e-01   2.2063111e+00  -2.0864918e+00   4.4469502e+00   5.4465211e+00  -5.0418763e-01  -3.2702713e+00   1.0268513e+01   5.0645215e+00   9.7616786e+00   1.7006575e+01   8.1801804e+00   1.4027074e+01   1.0747448e+01   2.7755905e+00   5.5425980e+00   4.3887882e+00   7.4392170e+00   5.0231340e+00   4.2790599e+00   2.1145293e+00   4.2729146e+00  -2.3237525e+00   6.6702960e+00   2.4544194e+00  -9.0815262e+00   2.1090166e+00  -7.1241865e+00   4.8732347e+00   1.1363273e+01
  -5.4532329e+00  -9.9086628e-01   6.2011031e+00   6.2794001e+00   4.0045998e+00   6.8731649e+00   4.8199441e+00   6.1845207e+00   9.0710969e+00   3.0399456e+00   1.1312723e+01  -6.5381527e-01   1.1869724e+01   1.1111401e+01   4.0535004e-01   1.0117518e+01   1.2717384e+01   6.3238754e+00   6.9683039e+00   4.1134102e+00   1.3171492e+00   6.9830281e+00  -4.0303455e+00  -4.8949587e+00  -4.1288458e+00  -5.3284845e-01  -6.5411350e+00  -6.3923706e-01   6.4387563e+00   5.2416026e+00  -9.6934334e+00
   1.1056521e+01  -8.8203494e+00  -4.3013676e+00   3.5067056e+00  -6.5838886e+00   4.7953041e+00   9.7621064e+00   5.9304283e+00   1.7826252e+00  -4.4748227e+00   1.2992949e+01   4.8388297e+00   1.3385734e+01   9.2842475e+00   9.0523349e+00   1.0276941e+01   2.6170204e+00  -1.2835887e+00   4.9724838e+00   5.7444022e+00   1.0177124e+01   4.8251511e+00   2.0889249e+00  -4.0601277e+00  -1.8076813e+00   3.5742169e+00  -3.7286184e+00  -7.3782996e-01   2.6136090e+00  -8.1679658e-02   8.4541902e-01
  -3.2396431e-01  -4.6215542e+00   7.6006040e+00   5.8887731e+00   3.3375878e+00  -7.8609219e-01   1.0983100e+01   6.4094591e+00   4.2994365e-01   3.3572794e+00   4.8616094e+00   2.2122812e+00   5.1828874e+00   5.3983201e+00   5.8996789e+00   1.2255280e+01   3.8059251e-02   1.2579555e+01   3.6468836e+00   1.0787885e+01  -2.1578887e+00   1.9152542e+00   4.3431091e+00  -5.1872258e+00   1.0297277e-01   1.9569420e-01   4.4934167e+00  -4.0529389e+00   1.2121838e+01  -8.5897230e-01   5.6778200e+00
   7.1310546e-01   8.5023582e-01   6.1600223e-01  -4.8189957e-01   5.9801969e+00   7.6047279e+00   2.9976367e+00   7.9727576e-01   9.2894992e+00   7.3000322e+00   4.3244652e+00   9.5513710e+00   4.4818671e+00   1.6868248e+01   1.8162584e+01  -2.0560400e+00   7.9802568e+00   2.7531175e+00   8.9459548e+00   6.2300443e+00   3.0403902e+00   8.6970179e+00   1.3227364e+00  -3.2977812e+00   2.5563931e+00  -6.6180096e+00   2.1751988e+00   2.8911032e+00   2.7938767e+00   3.2901975e+00   1.1079493e+01
   5.9502185e+00  -6.4819158e-01  -4.0667274e+00   3.6708636e+00   5.1534732e-01   1.0552317e+01   4.3097600e+00  -1.9139103e+00   4.4518464e+00   5.4357843e+00   8.2893887e+00   2.4305245e+00   7.3236364e+00   1.1127513e+01   6.0389472e+00   3.4181828e+00   7.1301224e+00   5.8682902e+00   1.1659596e+01   7.2048535e+00   1.2490865e+00   4.7092175e+00  -1.0233013e+00   6.6095309e-02  -4.4289931e+00  -4.3012253e+00  -4.5590914e+00  -3.5345991e-01  -1.4818031e+00  -1.6161825e+01   4.8230430e+00
  -3.9402555e+00  -9.6269574e-01   1.2932830e+01   5.5114449e+00   6.8514389e+00   8.0896953e+00  -4.0502437e+00   1.1606093e+01  -3.4790752e-02   1.4116007e+00   3.4007559e+00   5.3959569e+00   1.3865411e+01   1.9042479e-01   1.7876115e+01   6.9869347e+00   1.0622631e+01   7.6285357e+00   5.7773312e+00   5.6680392e+00   1.4641284e+01   2.9764139e+00  -2.4881461e+00   3.9177849e+00   1.7280699e+00   2.6213280e+00   3.5518052e+00   2.8100061e+00  -8.3097828e-01  -5.7571429e+00   1.6548708e+00
   6.0471417e+00  -8.9031961e+00  -5.7676101e+00   2.9471538e+00  -8.6052482e+00   6.7828063e+00   3.3609568e+00   3.2425759e+00  -1.3394496e+00   9.9480550e+00   1.2892368e+01   7.5684067e+00   1.2795388e+01   3.1982736e+00   5.5277290e+00   1.1125038e+01   8.3860145e+00   1.0337427e+00   1.1951917e+01   5.4792316e+00   9.6225281e+00   3.7446219e-01   2.7954157e+00   9.2835767e+00   2.9711224e+00  -5.5077876e+00  -4.5466408e+00   7.7195283e+00   7.6608986e+00  -1.3275439e+00  -3.3670128e+00
