   0.0000000e+00   5.0000000e-01   1.0000000e+00   1.5000000e+00   2.0000000e+00   2.5000000e+00   3.0000000e+00   3.5000000e+00   4.0000000e+00   4.5000000e+00   5.0000000e+00   5.5000000e+00   6.0000000e+00   6.5000000e+00   7.0000000e+00   7.5000000e+00   8.0000000e+00   8.5000000e+00   9.0000000e+00   9.5000000e+00   1.0000000e+01   1.0500000e+01   1.1000000e+01   1.1500000e+01   1.2000000e+01   1.2500000e+01   1.3000000e+01   1.3500000e+01   1.4000000e+01   1.4500000e+01   1.5000000e+01
   7.1252186e+00  -4.5995062e+00  -4.4161292e+00  -3.3582286e+00   8.1009929e+00   7.3960341e+00   5.3303769e-01   6.6678007e+00  -1.1820831e+00   4.7204571e+00   1.6118415e+01   4.1838237e+00   7.9349418e+00   5.8474603e+00   2.1388469e+00  -2.8331125e+00  -7.5638663e+00  -5.0563056e-01  -3.0385897e+00  -5.3323782e+00   3.8269009e+00  -3.6446437e+00   1.1990003e+00   2.1474441e+00  -1.4589662e+00   1.9454757e+00   8.2166892e+00  -7.3012600e+00  -3.0673608e+00  -2.7037968e+00  -7.4798983e+00
   5.9954615e-01   5.0380856e+00   1.2596818e+01   9.1133503e+00   8.5575229e+00  -1.7592214e+00   8.1214053e+00   1.0833935e+01   4.4649376e+00   9.0397104e+00  -2.2002897e+00   9.5319927e+00  -4.3269999e+00  -3.8923650e+00   9.1153450e-02   2.0912870e+00   1.2406418e+01   5.5412849e+00   1.8240300e-01   5.2149108e+00   9.3952605e-01  -2.8749289e+00  -1.7927491e+00  -7.5764743e-01   2.8436089e+00   1.4474904e+00   2.5493920e+00   3.3269222e+00  -1.0644960e+01   5.0348044e+00  -4.0780513e-01
   2.5828723e+00   6.9131616e+00   4.1578838e+00   1.9893735e+00   1.2373175e+01   7.9642153e+00   2.0003901e+00   7.2285821e+00   4.5089550e+00   1.9585968e+01   1.5663141e+00   1.3485438e+01   1.3474947e+00   5.8728686e-01   7.3524118e-01  -2.4131008e+00   3.7371421e+00  -7.7318281e-01   2.5607206e+00   4.7188023e+00  -8.9766011e+00  -7.9624298e+00   6.6004011e+00  -2.6281498e+00  -4.6959373e+00  -1.9511935e+00   8.5626760e-01  -6.0508953e+00   2.8745733e-01   2.2055941e+00  -1.4942734e-01
   4.6255762e-01  -6.1723575e+00  -1.9705086e+00  -3.5748507e+00   3.3897269e+00   1.9266371e+00   1.8814269e+00   1.7626421e+00   3.7692326e+00   9.0092782e-01   3.6080176e+00  -2.1570978e+00   5.5786159e+00  -8.2816691e-01  -3.2710521e+00   7.1819388e+00  -2.9932306e+00   3.6187039e+00   7.2553082e-01   1.1285753e+01  -9.7618764e+00   2.9739491e+00   3.0875716e+00   3.7552758e+00   2.4992161e-01  -4.6668578e-01   5.6653108e+00  -4.9063075e+00  -3.6906654e+00   2.0836078e-01   1.8610491e+00
  -8.5371377e+00   2.0187578e+00   2.2782380e+00   1.8710045e+00   1.9796615e+00   1.0360604e+00   1.2206735e+01   1.3173504e+01   1.0583191e+00   7.4158670e+00   6.4660971e+00   9.3201816e+00   4.1970145e+00   1.7246925e+00   3.5506640e+00  -4.2214218e+00   8.7759242e-01  -7.7165919e+00   8.2848000e+00  -1.7038534e+00   4.0487706e+00   1.0015248e+01  -4.1692283e+00  -1.6057086e+00  -2.9082158e+00  -1.5408975e+00   4.8405063e+00  -9.5113881e+00   5.5427334e+00   3.5781861e+00   9.3296364e-01
   3.8626183e+00  -6.7295589e-01   8.3205287e+00   2.7700188e+00  -5.4997384e-02   1.7334507e+00   1.1464767e+01   5.2130116e+00   4.1664075e+00   7.9437357e+00   5.0348983e+00   7.0304385e+00   3.8968337e+00   6.5964841e+00   1.0093923e+01   5.3087724e-01   5.2616019e+00  -6.8757766e-01  -7.8398567e-01   3.1074837e-01  -9.7128353e-01  -2.6875757e+00  -6.9290846e+00  -5.2627738e+00   2.8127230e+00   7.4301874e+00  -6.1913977e+00  -2.4174664e+00   3.9285785e+00  -4.7446112e-01   5.9787255e+00
  -3.0429071e+00  -9.4809830e-01  -7.2701538e+00  -2.8583888e+00   8.8009488e+00   5.0860261e+00   1.9002882e+00   6.4058348e+00   2.1578862e+00   8.1803787e+00  -3.5884042e+00   1.0648117e+01   5.3468335e+00   6.9420257e+00   4.8655813e-02  -3.6340480e+00  -4.4620076e+00  -8.2877007e+00   1.6280381e+00  -6.8996436e+00   6.3011948e+00  -2.6696441e+00   6.4173043e+00  -2.0339640e-01  -5.0960483e+00   5.6176049e-01   7.9212900e+00  -1.9766729e+00  -1.5582907e+00   1.9853392e+00   2.4668741e+00
  -1.4230844e+00   4.1171243e+00  -1.9946219e+00   1.4341304e+00   8.5762276e+00   8.2839648e+00   1.1718585e+01   7.9734222e+00   9.2098102e+00   2.2080198e+00   7.5508528e+00   8.0783624e+00   3.8839355e+00   1.1818753e+01   1.0315391e+01   7.7982799e-01  -3.6779124e+00  -6.4558534e+00   1.6500476e+00  -3.7220575e+00  -2.8924900e+00   6.2006215e+00  -4.3527561e+00   1.6985168e+00  -3.0543786e+00  -6.1442380e+00   5.7354713e+00   4.3406927e+00   3.5472634e+00   8.5373428e-01  -2.8746477e-01
   7.8282648e-01   5.0513842e+00   1.5752149e+00  -1.5659971e+00  -1.1348320e+00   1.0902559e+01   4.8528154e+00  -3.2410286e+00   2.7462404e+00   3.7822758e+00   8.1213493e+00   1.2647657e+01   1.1459983e+01   3.7009462e+00   2.0701652e+00   5.0207345e+00   5.3705764e+00   3.4175870e+00   1.2625268e+00  -2.9390755e+00  -3.5923709e+00  -6.2867189e-02  -3.2983982e+00  -5.4720232e+00   1.0133389e+00  -7.9906622e+00   2.5051123e-01   4.6964942e+00  -1.6643263e-01  -3.7822895e+00  -2.9492854e+00
   5.4664998e-01  -5.3015382e-01  -3.4629793e+00   6.2435628e+00   7.8338987e+00   2.5723418e+00   8.1148291e+00   3.8471033e+00   1.2810313e+01   3.1851526e-01  -1.9420229e-02   9.7106957e+00   8.4814702e+00   4.4173838e+00   7.4848150e+00   1.1241059e+01  -7.4702779e-01  -2.8715753e+00   1.2525041e+01  -1.9941643e+00  -1.1377419e+01   2.5717370e+00  -5.2914244e+00  -1.3272036e+00  -3.6851032e+00  -1.4171373e+00   4.1044983e+00   3.1014070e+00  -2.8368337e+00  -5.9755300e+00   1.0545070e+01
