   0.0000000e+00   5.0000000e-01   1.0000000e+00   1.5000000e+00   2.0000000e+00   2.5000000e+00   3.0000000e+00   3.5000000e+00   4.0000000e+00   4.5000000e+00   5.0000000e+00   5.5000000e+00   6.0000000e+00   6.5000000e+00   7.0000000e+00   7.5000000e+00   8.0000000e+00   8.5000000e+00   9.0000000e+00   9.5000000e+00   1.0000000e+01   1.0500000e+01   1.1000000e+01   1.1500000e+01   1.2000000e+01   1.2500000e+01   1.3000000e+01   1.3500000e+01   1.4000000e+01   1.4500000e+01   1.5000000e+01
   6.0528051e+00   4.2368608e+00  -2.2263964e-01   8.4818617e+00   7.1260279e+00   1.0221276e+01   4.9884770e+00   1.4320867e+01   1.8725052e+01   1.2444173e+01   9.3496786e+00   1.5421406e+01   1.3157371e+01   8.9421482e+00  -2.8488696e+00   1.6083209e+00  -6.3592131e+00   4.2483178e+00  -8.7893581e+00   1.2137015e+00   7.0641680e+00   5.7691199e-01  -5.8849491e+00  -1.1586126e+01  -7.8898928e-01   1.4062865e+01  -7.4602518e-01   3.1018557e+00  -3.0238785e+00   2.9013685e+00  -8.2305010e+00
  -4.5832547e-02  -4.0732856e-01   1.0562274e+01  -7.3045121e+00   1.3292587e+01   4.7173950e+00   6.6122708e+00   9.4997998e+00   2.8183038e+00   4.7105478e+00   1.3291074e+01   1.6873780e+01   3.3924788e-01   1.4378895e+00   6.5058447e+00   8.7112702e+00   4.1093103e+00   1.6209278e+00   2.0798848e+00   6.6990663e+00  -2.6732806e-01   7.5118519e+00   2.7744918e+00  -3.7898239e-01  -4.1217803e+00  -7.2400069e+00   3.1281901e+00   6.9016409e+00   1.0201064e+01  -3.1571840e+00  -3.2374037e+00
   8.6120596e+00   4.2679552e+00   4.7840033e+00  -2.6870391e+00   2.7004829e+00   8.5334180e+00   6.3824229e+00  -1.3632772e+00  -7.3987785e-02   9.5657706e+00   5.3132894e+00   1.3471098e+00   1.2623511e+01   1.0082668e+01   6.7641003e+00   8.6133674e+00   7.8435785e+00   1.0929387e+00   1.4181019e+01   4.4791038e+00   4.6679704e+00   7.4602639e-01   6.4947343e+00   3.7850611e+00  -5.0676645e+00  -9.3431941e+00  -7.4204742e+00   3.6170385e+00  -3.3115174e+00   7.9797738e-01   1.0152343e+01
  -3.0970853e+00   1.2021362e+01   9.1164390e+00   8.8686006e-01  -4.9702301e+00   7.1266236e-01   7.2599895e+00   1.4279624e+00   2.3377837e+01   7.1494549e+00   7.9227088e+00   3.5684973e+00   2.3428726e+00  -8.7845041e-01   4.8323146e+00   5.5898280e-01   6.2061328e+00   2.0427895e+00   9.8988229e+00   2.3891373e+00   8.6108263e+00   3.7546503e-01   4.3543415e+00  -2.7022234e+00   6.5861799e+00  -5.5086438e+00   2.0784885e+00  -5.0616435e+00  -1.8381452e+00   1.9394218e+00  -4.4356534e+00
   5.9510076e+00   3.6681960e+00   2.3576260e+00   2.7708844e+00   1.6643588e+01   4.8481438e+00   1.5086296e+01   9.1651754e+00   8.7514268e+00   1.1379482e+01   1.6752846e+01   1.0273692e+01   2.0517895e+01   1.0408069e+01   5.1267659e+00   1.6971209e+01   4.0413849e+00   5.8004655e+00   8.0791593e-01   1.5262307e+01  -4.3433030e+00  -3.8257936e+00   8.6439896e+00   4.1969997e+00   4.9583433e+00  -8.3177387e+00   3.2791094e+00   4.9685190e+00  -8.1039830e+00  -5.5780958e+00  -2.1824534e+00
  -4.5960976e+00   2.1340564e+00   4.8008677e+00   9.8571981e+00   1.0120611e+01   7.2283953e+00   1.5957464e+01   7.9242366e+00   1.2474836e+01   7.3846877e+00   1.1991737e+01   1.1676049e+01   1.3031032e+01   1.1094834e+01   9.5889732e+00   9.0534005e+00  -2.7277256e+00   5.4466560e+00  -3.3561057e+00   9.5489204e+00  -8.6314142e+00  -5.1250549e+00   3.1187252e+00   1.6709856e+01  -7.1276445e+00   3.8379097e-01   9.1586433e+00   1.7857654e+00  -4.8752142e+00   7.1764853e+00  -5.5003155e+00
   1.0431458e+01   2.9106031e+00   4.6959131e+00   1.1375595e+01   4.5096142e+00   9.8852740e+00   2.5781447e+00   8.6074292e+00   7.2956678e+00   5.4355040e+00   6.6053558e+00   7.7056624e+00   6.4250283e+00   5.5277380e+00  -4.6449602e-01   7.5817856e+00   1.2015762e+01   1.2670633e+01   4.0506046e+00   4.8324712e+00   2.4468468e+00  -6.3824313e+00  -5.0139238e+00   4.7190736e+00   1.7864972e+00   7.1431767e-01  -1.7337775e-01  -1.0770245e+01  -2.1950094e+00  -3.7216171e+00   3.3242140e+00
   4.7861404e+00   1.3126403e+01   2.9142699e+00  -4.2507634e+00   5.6882969e+00   9.8088269e-01   1.1057792e+01  -5.9263244e-02   1.3589138e+01   5.0984991e+00   7.1379435e+00   1.2369894e+00   4.5663056e+00   8.3499096e+00   7.4693174e+00   4.0531400e+00   7.7370298e+00   4.3340279e+00   1.3736067e+00   1.9775975e+00   4.4463621e+00   9.0972457e+00  -4.4645036e+00  -1.7877456e+00  -7.2402423e+00  -4.9874981e+00  -2.2640937e+00   4.9979140e-01   2.2477343e+00   5.8456772e+00   1.1905283e+01
  -4.1402496e+00   2.5377942e+00  -5.1061675e-01  -6.6455174e+00   2.5368362e+00   4.6040808e+00   6.2544745e+00   4.4993849e+00   2.7159900e+00   6.0406724e+00   5.0307651e+00   1.1660023e+01   1.1486771e+01   1.1226925e+01   6.9629512e+00   8.1091121e+00   7.0609842e+00   9.2611777e+00   1.1687450e+01   7.2130440e-01  -1.5440901e+00   2.4670218e+00  -1.5948793e+00  -8.3185837e+00   6.6957519e+00   3.7023100e+00   6.8713457e+00  -2.1055263e-01   1.5956953e+00   5.5768011e+00  -4.7458999e+00
   7.1307947e+00   5.8159857e-01   4.7930333e+00   1.0656732e+01   1.2942815e+01   1.3153400e+00   1.0945667e+01   9.4389613e+00   1.5391122e+01   1.1515518e+01   1.3859985e+01   1.0219028e+01   9.3863010e+00   4.8876210e+00   8.9605036e+00   5.2245964e+00   7.8773003e-01  -8.8161848e+00   6.3798494e+00   5.2623233e+00   3.2952588e+00  -1.7444219e+00   1.0674981e+01  -2.1788983e+00   3.0208062e+00  -3.5030999e+00   7.7914464e+00   6.2024622e+00  -3.8537319e+00   7.2043449e+00   4.4609728e+00
