   0.0000000e+00   5.0000000e-01   1.0000000e+00   1.5000000e+00   2.0000000e+00   2.5000000e+00   3.0000000e+00   3.5000000e+00   4.0000000e+00   4.5000000e+00   5.0000000e+00   5.5000000e+00   6.0000000e+00   6.5000000e+00   7.0000000e+00   7.5000000e+00   8.0000000e+00   8.5000000e+00   9.0000000e+00   9.5000000e+00   1.0000000e+01   1.0500000e+01   1.1000000e+01   1.1500000e+01   1.2000000e+01   1.2500000e+01   1.3000000e+01   1.3500000e+01   1.4000000e+01   1.4500000e+01   1.5000000e+01
  -3.9572414e+00   2.8123791e+00   2.1610343e+00   3.8935618e+00  -1.4384302e+00  -5.1653010e+00   4.0609423e+00  -2.4366987e+00   1.2998726e+01   4.1303082e+00   3.9587112e+00   3.1035307e+00   1.0272330e+01   8.0899636e+00   5.6951970e+00   2.2451634e+00  -2.5783308e+00   1.8942030e+00  -1.9040669e+00  -2.3908597e+00  -4.1697971e+00  -1.9122913e+00   8.4288941e-01   2.0766321e+00  -2.8403942e+00  -1.2933288e+00  -6.4814311e+00   9.1595387e-01  -2.4289295e+00   7.2798772e+00   9.7313489e+00
   1.9233540e+00  -7.3734605e-01  -2.8905326e+00  -5.4673747e-01   6.6308120e+00  -5.2164128e+00   1.3655101e+00   6.9202555e+00   7.0267890e-01   7.9323583e+00   1.0263914e+01   2.6218392e+00   1.4098935e+00  -4.3645573e+00   3.1296011e+00   1.0249859e+01   4.6672796e+00   8.1647500e+00   5.3101725e+00   2.8254503e-01  -7.2034012e+00  -1.2180826e+01  -4.3283220e+00  -4.9584697e-01  -4.3140787e+00   2.0045368e+00   1.7582680e+00   8.8163938e-01  -9.3324197e+00  -1.9945103e+00   2.4879370e+00
   6.0084298e+00   3.6205522e+00   3.2933995e+00   5.0822373e+00   1.4498218e-01   1.0037680e+00   7.0750875e+00   4.2219705e+00   4.6678798e+00   3.3374392e+00   6.2685280e+00   1.0583613e+01   1.2108032e+00  -2.0797147e+00   9.2560084e-01   5.7804829e+00   4.7591354e-02   1.7317223e+00  -1.1372956e+00  -1.3723702e+01  -2.6773365e+00   8.7121150e+00   3.5528875e+00   2.3750345e+00  -7.1756288e+00   8.3567419e+00   2.5194430e+00  -7.0636225e+00  -7.1009943e+00  -7.1926573e+00   6.2340188e+00
  -8.6213352e-01   8.1675435e+00   5.0401524e+00   1.2695989e+00   6.3186648e+00   5.7836111e-01  -2.1243003e+00   1.1180509e+01   7.8412897e+00   1.3973128e+01   1.2910087e+01   3.7550399e+00   5.0705649e+00   2.6700341e+00   7.2603992e+00   3.5449078e+00   3.8182831e+00   1.1818244e+00   3.1399558e+00   5.4686846e+00   2.4571326e-01  -2.9648038e+00  -5.2604952e+00  -2.1394491e+00  -3.4681086e-01   2.5586383e+00   1.5856280e+00   1.0163910e+01  -6.5272165e+00   1.7435708e+00  -7.1128569e+00
   9.9845643e+00  -4.5413348e+00  -3.5103104e+00  -6.9679582e-01  -4.9451506e+00   2.6755817e+00   5.1934493e+00   6.9564302e+00   9.9336282e+00  -5.5771112e+00   1.2579413e+01  -4.3098147e+00   2.3319463e+00   6.7324252e+00   4.2342104e+00   7.2278106e+00  -5.5106936e+00  -8.4675884e-01   7.7274416e-01  -1.8256375e+00  -4.6067310e+00  -3.8786965e-01  -7.3982742e+00  -4.2266336e+00  -6.4234632e-01  -8.0358328e+00   5.0727677e+00  -7.3128845e+00  -4.2907263e-01   3.0027266e+00  -7.7789294e-01
  -7.3483430e-03   6.1636196e+00   6.1683893e-01  -4.3282327e+00   8.6381579e+00   4.4432196e-01   1.3844264e+01   6.0729514e+00   5.2048048e+00   1.4912305e+01   1.0238079e+01   7.2781077e+00   5.4825369e-01   9.8244248e+00   4.1217868e+00   8.0354878e+00   4.0285124e+00   1.6190665e+00   4.1437245e+00  -4.4084559e+00   3.5957498e+00  -1.0187539e-01  -7.2622372e+00  -1.0588931e+00   2.5786142e+00  -8.4749377e-01  -9.5820567e+00   4.4167407e+00  -6.7808103e+00  -6.0922676e+00  -2.1669334e+00
  -8.1356725e+00  -1.2739621e+00   2.0488481e+00   3.2932662e-01   6.7581908e+00   4.1051406e+00  -1.2886388e+00   6.1496965e+00   8.9933054e-01   1.0803542e+01   6.5176761e+00   1.2893948e+01   2.1452540e+00   1.1127279e-01   8.8133296e+00  -2.3709169e+00   1.1513952e+01   1.7974042e+00  -1.4111641e-01   1.0175672e+00   4.7909192e+00  -1.2007423e+00  -2.4584414e+00  -3.9490187e+00  -5.3577109e+00  -6.9890324e+00   5.4096897e+00  -5.9036437e-01   6.7551046e+00  -1.0797472e+01   4.1145379e+00
   1.2058630e+01   4.0662253e+00  -2.1924533e+00  -3.9043027e-01   7.0254646e+00   1.6578240e+00   2.8822372e+00   1.8253081e+00   1.7829609e+00   9.9702117e+00   7.7281972e+00   7.6270537e+00  -1.7784973e+00   1.0922551e+00   2.7108244e+00  -5.4301462e+00   6.6671542e+00   3.3083710e+00   3.9742100e+00   2.4588417e+00   3.6894087e+00  -2.8354851e+00   3.5895466e+00   1.0214083e-01   5.1607466e+00  -3.6887203e+00   4.5061682e-01  -3.0075650e-02   1.8177766e+00  -4.2567045e+00  -2.3624832e+00
  -9.8814577e-01  -7.6949856e+00   6.1517822e+00   9.3153499e-01   4.4840193e+00   1.5553338e+00   6.6154647e+00   9.2419676e+00   3.3745764e+00  -3.0985426e+00   4.0941314e+00   1.2171551e+01   4.9366416e+00   7.3086233e+00   8.6596963e+00   3.5084094e+00  -1.4304455e+00   2.9245829e+00  -5.2416290e+00   4.5743505e-01   7.4706857e+00   2.6479755e+00   4.2873515e-02  -3.5983452e+00   2.2983557e+00   3.3648218e-01  -3.8848261e+00   2.6705581e+00   5.2318749e+00   3.1503155e+00   6.5167214e+00
   1.1827072e+00  -2.3694162e+00  -5.0337549e-01  -5.7346215e+00   1.1734509e+01   2.6388053e+00   7.9301010e+00   8.5531288e+00   1.8334765e+01   7.4380608e+00   1.1405177e+01   7.4064812e+00   1.5139901e-01   6.3494701e+00   2.8605657e+00   3.3897244e-01   3.0116468e+00   1.3711499e+00  -7.5997879e-01   7.4916282e+00  -1.4230457e+00  -2.6440201e+00  -1.5362917e+00  -1.8229286e+00   2.1100775e+00   3.4126807e+00   2.2029199e+00  -2.5812375e+00   7.6655042e-02  -3.2632430e+00   2.9973130e-02
