   0.0000000e+00   5.0000000e-01   1.0000000e+00   1.5000000e+00   2.0000000e+00   2.5000000e+00   3.0000000e+00   3.5000000e+00   4.0000000e+00   4.5000000e+00   5.0000000e+00   5.5000000e+00   6.0000000e+00   6.5000000e+00   7.0000000e+00   7.5000000e+00   8.0000000e+00   8.5000000e+00   9.0000000e+00   9.5000000e+00   1.0000000e+01   1.0500000e+01   1.1000000e+01   1.1500000e+01   1.2000000e+01   1.2500000e+01   1.3000000e+01   1.3500000e+01   1.4000000e+01   1.4500000e+01   1.5000000e+01
  -1.4177658e+00   1.1045871e+00   1.3870324e+00  -3.3951944e+00  -5.7305151e+00   7.9579468e+00   5.9004892e+00   3.4072056e+00   3.9057458e+00   1.6116264e+00   5.1531070e+00   9.7222874e+00   2.2138691e+00   1.2580789e+01   1.0673748e+00   7.5240396e+00  -1.1329867e+01   7.1498604e+00   1.6058696e+01  -8.0584590e-01   5.5297309e+00  -1.8466550e+00  -3.2229403e+00  -2.0177248e+00  -5.3000876e+00  -5.5229401e+00  -7.2977702e+00  -1.7099690e+00  -3.7609432e-01  -3.2001770e+00  -7.4660366e+00
  -6.0927625e+00   7.0575998e-01   5.0403586e+00  -1.1392171e+01   6.5207413e+00   5.3450097e+00   1.8868368e+00   4.9760727e+00   4.4110363e+00  -3.4455941e+00  -3.1820985e+00   8.4058629e+00   8.5210152e+00   7.7392075e+00   1.0928283e+01   1.5791211e+00  -4.4196467e+00   6.8557181e-02  -3.5122190e+00   2.0711619e+00   3.2085522e+00   5.4173045e+00  -2.9590167e+00   5.0236419e+00   1.4608969e+00   5.6736596e+00   6.7881188e+00  -1.4571529e+00   8.0051058e+00  -1.1556139e+00   3.7518193e+00
  -5.9620095e+00  -4.5279227e+00  -1.3280937e-01  -2.9946465e+00   4.7858570e+00   5.0866491e-03  -3.2665165e+00   4.6299459e+00   5.8553327e+00   1.2793170e+00   3.2331342e-02  -1.3722793e+00   7.6341803e-01   8.1641711e+00  -2.5443948e-01  -1.4893674e+00   7.1224658e-01   8.6004214e+00   3.5482729e+00  -4.9759351e+00   5.6566228e+00   2.9918602e+00   4.8681888e+00   1.1873226e+00  -2.8946028e-01   8.1811681e-01   1.8570978e+00   6.0068934e-01  -6.3819847e-01  -3.9055490e+00  -2.0479366e+00
   8.8909183e-01  -6.6829914e+00   4.6249376e+00   4.4892165e+00  -3.9297002e+00   7.7604928e+00   3.7510854e+00  -8.3452826e-02  -6.3297549e+00   6.2646250e+00   6.2475760e+00   2.5334992e+00   7.3423193e+00  -2.1737350e-01   5.4381941e+00   3.0900373e+00   7.7346315e+00   1.0962791e+01   1.5815700e+01   2.2142270e+00  -2.7752499e-01  -4.5167820e+00  -6.7188226e+00   7.5060605e+00   5.3390739e+00   4.1566707e-01  -9.0666130e+00   1.5506648e+00  -2.7373460e+00   8.2096585e+00   8.2097230e-01
  -7.1954191e+00  -9.8015821e+00   1.0401594e+00   2.2494618e+00   8.4469905e+00   2.1072369e-01   9.0590667e+00  -4.8860152e+00   1.1469038e+01   1.4764184e+00   8.5342390e+00   4.6855410e+00   4.2594889e+00   1.3317795e+00  -5.4666843e+00   2.5444365e+00   5.1291813e+00  -1.9384723e+00  -3.3102734e+00  -9.8694451e-01   8.3843385e-01  -6.0359222e-01  -1.0685224e+00   1.3345019e+00  -4.7232041e+00  -9.3881775e+00  -2.1311571e+00   4.6684902e+00   8.5403094e+00  -4.7288646e+00   7.8932199e-01
  -1.0236703e+00   4.7031541e+00   1.1665155e+01  -2.1269613e+00   7.8025588e-01   5.9899583e-02   1.3007669e+01   6.2066291e+00   3.8179011e+00   4.3902345e+00   1.4789905e+01   5.2822505e+00   3.6405433e+00  -2.6238711e+00   9.0242965e+00   7.2362985e+00   3.0754754e+00   7.8160685e+00   7.2856854e+00  -1.3251471e+01   5.8599396e+00   5.5504526e-01   6.6474972e+00  -2.0761062e+00  -3.0695322e+00  -1.0932985e-01  -4.8991126e-01  -6.5223470e+00  -7.4641486e+00   3.1378272e+00   2.0687532e+00
   5.1218445e+00   4.1824466e+00   9.8872025e+00   1.1555114e+01   5.2610019e+00   2.0041900e+00   5.7915268e+00  -1.5559495e+00   2.4564711e+00   1.8546967e+00   3.7233763e+00   5.9036359e+00  -2.1505546e+00  -2.9081779e+00  -1.0748084e+01   5.3783053e-01   2.8961894e+00   3.3398959e+00  -5.1762440e+00  -2.5998528e-01   1.6945980e+00   2.0013542e+00   7.1748225e-01   1.0051450e+00  -3.0863593e+00  -4.0282058e+00  -4.3561515e+00   7.0021065e-01   3.0476285e+00  -4.4059892e-01   1.7045427e+00
  -4.5633880e-01   6.1568515e+00   7.7923623e+00  -5.1977781e+00   9.6648641e-01   5.1663096e+00   8.8663593e+00   8.4675853e+00   6.9530666e+00  -2.1900029e+00  -5.8830879e+00   1.0382224e+00   3.7482432e+00  -3.3680758e+00  -1.1680750e-01  -6.7371904e-01   1.1650753e+01  -4.0557258e+00  -4.6586294e+00   9.6249709e+00   1.0039278e+01   4.0941148e+00  -5.7621071e+00  -1.9445306e+00  -8.9685114e+00  -5.0621035e+00  -4.7246183e+00   5.4805548e+00  -3.9340696e+00   1.5475783e+00   7.7497728e+00
   2.5409940e+00  -2.1220825e+00  -1.8055228e+00  -2.5584464e+00  -1.5145603e+00   3.8928888e+00   2.7184086e+00  -3.0365196e+00   1.0243787e+01   2.1538038e+00   4.9608722e+00   1.3081572e+01   8.0074738e+00   1.0477673e+01  -4.2985179e+00  -9.0187659e+00   3.2330030e+00  -2.7255828e+00   8.1745275e-01   9.7032158e-01   2.0789090e+00  -5.5456297e+00   4.6605129e+00   1.2706651e+00   6.3922860e-01  -4.1382627e+00   5.5078827e+00  -6.1189008e-02  -3.0833023e-01   1.2465241e+00  -9.3812038e-01
   8.3575577e-01   2.0292714e-01   6.1559748e-01   7.2320838e+00   3.0546273e+00  -6.5531807e+00   9.4159046e+00   2.4231089e+00   1.0000410e+01  -1.9253158e-02  -9.1644395e+00   5.1035500e+00   5.9735551e-01  -1.2819971e+00  -1.6136579e+00  -3.5928120e+00   4.4656630e+00   4.7813032e+00  -4.9717882e+00  -4.3542439e+00  -8.9542116e-01  -4.0284044e+00  -8.2966472e+00   3.6547375e+00   3.3825589e+00   1.7316225e-01   4.3224836e+00  -2.3423638e+00   9.6376404e-01   2.4567065e+00   1.3357315e+00
