   0.0000000e+00   5.0000000e-01   1.0000000e+00   1.5000000e+00   2.0000000e+00   2.5000000e+00   3.0000000e+00   3.5000000e+00   4.0000000e+00   4.5000000e+00   5.0000000e+00   5.5000000e+00   6.0000000e+00   6.5000000e+00   7.0000000e+00   7.5000000e+00   8.0000000e+00   8.5000000e+00   9.0000000e+00   9.5000000e+00   1.0000000e+01   1.0500000e+01   1.1000000e+01   1.1500000e+01   1.2000000e+01   1.2500000e+01   1.3000000e+01   1.3500000e+01   1.4000000e+01   1.4500000e+01   1.5000000e+01
  -1.5379025e+00  -1.5889110e+00   1.6552721e+00  -9.5625240e+00  -7.2139710e+00  -1.8746204e+00  -4.2223270e-01   4.1097231e+00   9.1102103e+00   8.4980964e-01  -5.5167906e+00  -1.0340595e+01  -1.9207949e+00   7.5676714e+00  -1.5464576e+00   2.0013941e+00   5.3134844e+00   2.0941928e+00  -1.0731197e+00   4.6513215e+00  -5.7913832e+00   1.6823957e+00   5.8230653e+00   2.7290110e+00   6.2742312e+00   4.0636517e+00   4.6718290e+00  -6.0122814e+00   3.3111388e+00   3.4230448e+00  -4.6709610e-01
  -3.1186188e+00  -1.6003253e+00   1.2304315e+00  -3.3696584e-01  -3.0694980e+00   5.9160016e+00   1.2172607e+00  -3.1394680e+00   1.9646376e-01  -1.2726580e+01  -3.1094637e-01   3.2198033e+00  -3.9092111e+00  -1.8676294e+00   3.2794564e+00  -8.7322564e-01   2.6104737e+00  -1.4078760e+00  -5.4645289e-01   8.6283056e+00  -3.5430750e+00   2.1514857e+00   6.7065503e-01  -3.9680503e-01  -3.1240676e+00  -4.1349599e+00  -3.6212167e+00   7.8124647e+00  -3.1821088e+00  -4.8236086e-01   5.5389149e+00
  -1.9325785e+00   4.6729935e+00  -6.7516794e-01  -6.9053859e+00  -5.0250963e+00   6.8343671e-01  -4.5717336e+00   3.4524988e+00  -8.3214248e+00   2.0344927e+00  -2.1688170e+00  -3.5118830e+00  -5.0465610e-01   8.2813148e+00  -3.4987601e+00   6.9007386e+00  -2.4294839e+00   2.3160490e+00  -2.0299200e+00   1.3261701e+00   8.5658161e+00  -3.5632813e+00   3.3406527e+00  -3.5665145e+00  -3.3689812e+00  -3.1947833e+00   2.3886534e+00  -1.6340895e+00  -4.7907468e-01   9.1508504e+00   2.9802517e+00
   1.4316675e+00  -4.3632925e+00  -6.0092216e+00  -5.9226551e-02  -5.1600561e+00   4.1770813e+00   3.1672095e+00   1.0235148e+00   2.1407140e+00   7.1558899e-01  -2.8063727e+00   1.7954540e+00   8.6761053e-01  -5.2781902e+00   4.0666158e+00   3.0359992e+00   1.7900411e-01   4.3649418e+00  -3.0077776e+00   6.5444292e+00  -6.6629189e-01   4.6856233e+00   4.2079337e+00   1.0360874e+00  -4.3140421e+00   4.6319614e+00  -3.7968753e+00   4.7347927e+00  -5.1696836e+00  -1.8243971e+00  -4.0339190e+00
  -2.9335837e+00   6.5686402e+00   1.2104606e+01  -2.7541847e+00  -7.9626833e+00   1.9041342e+00   3.5387583e+00  -2.9171335e+00  -3.6850162e+00   1.6185550e+00   6.6057445e+00  -5.4632473e+00   3.3283398e-01  -3.1906428e+00   5.0308058e+00   3.2499027e+00  -9.2802260e-01   5.7401474e+00   1.5354620e+01   4.1283982e-02  -1.1809738e+00   6.5339073e+00  -2.3673872e+00   3.1492712e+00   3.4275123e+00   2.1871903e+00  -4.0579317e+00  -3.5517230e+00  -1.2744651e+00   5.1889097e+00  -6.8211174e+00
  -1.2569078e+01   4.9722915e+00  -6.5362765e+00  -3.2053199e+00  -4.5142545e+00   2.1855896e+00  -2.8497880e+00   2.8601334e+00  -1.8464014e+00   2.8974164e+00  -6.8492350e+00   7.0892868e+00  -8.5461186e-01   1.7397589e+00   7.4337767e+00   3.9540904e+00   3.1200703e+00  -4.1240430e+00  -4.7784181e+00   4.7361892e+00  -4.6305394e+00  -1.4228496e+00   4.1413003e+00  -3.8668084e+00  -7.7706030e-01   1.7301279e+00   5.3822747e-01   3.4576247e+00  -2.6391696e+00   1.3525229e+01  -1.9530449e+00
   4.3751697e+00   7.0568060e+00   4.5569196e+00  -1.0060137e-01  -2.7581221e+00   5.5301082e-01   5.9612570e+00  -1.1369584e-01   3.2518066e+00  -1.3895274e+00   9.1514883e+00  -4.5202671e+00  -2.3751292e+00  -5.5338055e-01   5.1842148e+00   5.8434355e+00  -3.8282396e-01  -1.3403819e+00  -9.6216869e+00  -1.9379553e+00   2.6379475e+00   1.3238527e-01   7.1815097e+00   4.3683256e+00   4.7440657e-01  -3.1797992e+00   6.3602786e+00  -9.1569383e+00   2.3348558e+00  -7.2098502e-01   9.6847593e+00
  -3.8923476e+00   6.9339374e+00  -1.8580435e+00  -3.1029758e+00  -6.1973548e+00  -3.4636868e+00  -3.6176361e+00   3.9692301e+00   5.2555574e+00   7.5991958e+00   4.4236966e+00   7.9058312e+00   7.0090137e-01   5.6391276e+00   3.2036679e+00   5.2016629e-01   9.4879107e+00   7.1060893e+00  -5.6079582e+00   4.5901940e+00   4.7686257e+00   2.2849361e+00  -5.5378394e-01  -7.8816046e+00   5.9621069e-01   2.6152831e+00  -1.1552061e+00   4.4966426e+00  -2.1870345e+00   6.5007478e+00   9.2055822e-01
   4.6973613e+00  -4.6032556e+00  -4.8442123e+00  -2.7523789e+00  -1.7569017e+00  -1.7336886e+00  -4.7340600e+00   9.1138200e-01  -6.0549029e+00   6.5790504e+00   3.7952143e+00   4.8337206e+00  -2.2146623e+00  -3.8329328e+00   4.5547110e+00   5.6158814e+00  -4.2259630e+00   7.9344459e+00   7.7840267e-02   1.2362403e+00   2.8717548e+00   3.0907533e+00   5.2326535e+00   4.5304037e+00   2.8376826e+00  -3.0025990e+00  -8.1830406e-01   2.1724783e+00  -4.9867092e-01  -6.8218324e+00  -4.0474168e+00
   7.4914499e-01  -4.1288876e+00   1.0234284e+01  -3.1133822e+00  -7.1041973e+00  -6.0073988e+00   3.6509563e+00  -5.3593697e+00   5.0349493e-01   6.5852557e+00  -6.2727922e-01  -4.1865372e+00   6.1804418e+00   4.2314939e+00   1.1274970e+01  -8.0827461e+00   4.3697505e+00  -1.2408462e+00  -3.3237081e-01   1.9392643e+00   3.3112258e+00   1.3224426e+01  -5.6802570e+00  -5.0269527e+00   4.0816971e+00   3.6028082e+00  -4.6485654e+00  -7.6657981e+00  -3.3724517e+00  -2.4975464e+00   1.2847669e+00
