   0.0000000e+00   5.0000000e-01   1.0000000e+00   1.5000000e+00   2.0000000e+00   2.5000000e+00   3.0000000e+00   3.5000000e+00   4.0000000e+00   4.5000000e+00   5.0000000e+00   5.5000000e+00   6.0000000e+00   6.5000000e+00   7.0000000e+00   7.5000000e+00   8.0000000e+00   8.5000000e+00   9.0000000e+00   9.5000000e+00   1.0000000e+01   1.0500000e+01   1.1000000e+01   1.1500000e+01   1.2000000e+01   1.2500000e+01   1.3000000e+01   1.3500000e+01   1.4000000e+01   1.4500000e+01   1.5000000e+01
   2.1843360e+00  -6.4739088e+00   4.3487976e+00   2.4238419e+00   1.3100754e+00   5.9196379e+00   7.5548337e-01   3.2184934e+00  -3.6806206e+00   5.1120983e+00   3.5085477e+00  -9.2218733e+00  -9.3931739e+00   6.4444163e+00  -1.6615673e+00   7.8877900e-01  -4.6462197e+00   1.8352774e-01  -4.5023021e+00   7.7003830e+00   3.8301180e+00  -1.0707190e+01   7.3446050e+00  -7.6617175e-01   1.5612940e+00   5.0717615e+00   2.0391072e+00   5.7167034e+00  -4.2668635e+00  -5.6653557e+00   1.7070378e+00
   9.1777497e-01  -3.7486581e+00   1.1101617e+00  -6.4522361e+00   5.9437857e+00   4.4390769e+00   7.0278822e+00   1.0009823e+01   1.0802550e+00   2.1698938e+00   3.7601193e+00   7.3120077e+00   8.6911568e+00   4.7404858e+00   1.9091941e+00   7.3814034e+00  -8.5514547e-01   7.9242309e+00  -5.4078909e+00  -8.7021456e-01  -1.8290369e+00  -1.1447335e+01  -3.7192214e+00  -6.7235942e-01  -2.2999869e+00   3.8368733e+00  -2.6360715e+00   3.2007497e+00  -2.0857914e+00  -5.4972466e+00   5.6101506e+00
   2.6477921e+00  -4.0617133e+00   2.7394304e+00   1.8000109e+00   5.6374073e-01   1.1214464e-01   6.2527594e+00   9.2542274e+00   2.6358353e+00   1.1498889e+01   5.8579562e+00   8.9824881e+00   7.3004089e-01   5.5029312e+00  -6.8411750e+00   1.2605583e+01   1.1760791e-01   4.3543823e+00   6.7695591e+00   4.1740989e+00  -5.4181642e+00  -1.2608156e+00  -1.3926988e+00   1.9477531e+00   7.8822087e-01   4.0773750e-01   9.7894118e+00   9.7999377e+00   1.1216826e+01   5.6922964e+00  -4.4441301e+00
  -8.0773437e+00  -2.7947699e+00   4.9843246e+00   1.6488142e+00   2.1646884e+00   2.3385009e+00   1.0064396e+01   9.2639025e+00   3.7999963e+00   7.0390515e+00   1.2023144e+01   2.7790647e+00  -1.0951575e+01   8.1129494e+00  -1.3047744e+01   2.5582049e+00   7.4113550e-01  -7.7734878e-01  -2.8663221e+00   3.3233233e+00   6.5624894e+00   2.8939915e+00   2.2235195e+00  -7.2068918e-01   4.9722267e+00   2.8918506e+00  -1.0699283e+01   1.7617010e+00   2.4295402e+00  -2.4381639e+00  -3.0465874e-01
  -2.6593772e+00   2.9741206e-01   6.9084340e-01   3.5669305e+00  -3.0338976e+00   5.5751172e+00   6.2507595e+00  -1.3920294e-01   4.5669070e+00   2.6472420e+00   8.4958205e+00   4.5570349e+00   7.1676209e+00  -4.6116343e+00   3.2821336e+00  -4.3970054e+00   2.1978652e+00  -2.6135861e+00   3.6842681e+00  -3.7348187e+00   5.8384832e-01   8.3303936e-01  -1.0933720e+00   8.4199117e+00   6.2027140e+00  -3.3078863e+00  -9.9637300e+00  -1.1191320e+01  -4.3037115e+00  -1.0635752e+01  -1.2284249e+00
   3.9226024e+00   8.4221935e+00   4.2913982e+00  -1.3881086e+00  -4.3233062e+00   9.2607893e+00   2.8484685e+00   1.8187472e+01   4.0651626e+00   1.5710775e+00   1.5620936e+00   1.1073979e+01  -8.2080165e-02   4.3740205e+00   1.3863097e+01   4.6248723e+00   2.3649498e+00   6.7727021e+00   5.0565751e+00  -5.1196546e-01   2.4048484e+00  -1.0303560e+00  -3.4224151e-01  -4.0675421e+00  -7.0116614e-01  -1.0485008e+00   4.0469012e+00  -9.4443129e-01  -2.3131825e-01   6.9120958e+00   4.8493123e+00
  -4.6422216e+00   1.3016640e+01   9.6819842e+00  -3.2217568e+00   3.5517346e+00   5.3992437e+00   4.1439807e+00   6.1283653e+00   1.0093771e+00   6.8916027e+00   4.0518038e+00   7.4866819e+00   8.1125112e+00   4.6658248e+00   3.0222628e+00   9.3377296e+00   2.6552196e+00   1.5365803e+00   7.9423874e-02   7.7627013e+00  -2.4204878e+00   1.6760208e+00   6.4808501e+00  -7.3530531e+00  -4.9735703e+00   2.6027483e+00   3.1804789e+00   5.1082614e-01   2.7604177e+00  -7.7111837e+00  -2.1201022e+00
  -4.3120685e+00  -2.5542929e+00  -6.9278349e+00   3.2839886e+00   1.0684383e+00   6.3740797e+00  -4.9272486e+00  -3.4051904e-01   8.3997139e+00   6.6199167e+00  -2.0058450e+00   7.6314176e+00   1.6491123e+01   6.9514995e+00   6.4682066e+00   2.5295902e-01   1.1067504e+01  -3.1952535e+00   9.3820192e+00   2.0908174e+00   5.6232529e+00  -6.1596336e+00   7.6200348e-01  -3.7643940e+00   2.7351371e-01  -1.6719091e+00   7.3813941e+00   3.0930564e+00   1.3169751e+01   6.2405831e+00   1.6523870e+00
   1.1700483e+00  -9.4939579e+00   7.1762853e+00   1.2439901e+00   1.8184142e+00   4.5758778e+00   3.7548704e+00   7.4112020e+00  -9.4412920e+00  -1.6616985e-01   2.2563225e+00   1.0076666e+01   5.8285141e+00   1.3062071e+01  -5.4658555e+00   3.6125765e+00  -5.3807676e-01  -1.0650225e+01   2.0348291e+00   8.0935893e+00  -3.1193227e+00   7.2386025e-01  -2.1045687e+00   3.8175289e+00   1.0174863e+01  -7.5138396e+00   3.3935551e+00  -3.2629978e+00   6.5940198e+00   1.0130289e+01  -1.4096391e+00
  -1.1130957e+01  -2.4027012e+00   1.0690306e+01   3.3119608e-01   3.1197361e+00   2.1097959e+00   5.1540460e+00  -1.1202245e+00   6.9376580e+00   8.2978984e+00  -1.2238642e+00   3.8888069e+00   2.1699845e+00  -1.7820894e-01   1.3758127e+01   5.0435493e-01  -2.3589981e+00   4.5907732e+00  -3.1919335e+00  -5.1128240e+00   5.0096945e+00   6.4160188e+00   1.8866164e+00  -1.0985199e+00  -1.3260677e+00  -3.4460172e+00   2.2347352e+00   3.7153003e+00   6.3229000e+00  -1.0645555e+01  -1.0225894e+01
