   0.0000000e+00   5.0000000e-01   1.0000000e+00   1.5000000e+00   2.0000000e+00   2.5000000e+00   3.0000000e+00   3.5000000e+00   4.0000000e+00   4.5000000e+00   5.0000000e+00   5.5000000e+00   6.0000000e+00   6.5000000e+00   7.0000000e+00   7.5000000e+00   8.0000000e+00   8.5000000e+00   9.0000000e+00   9.5000000e+00   1.0000000e+01   1.0500000e+01   1.1000000e+01   1.1500000e+01   1.2000000e+01   1.2500000e+01   1.3000000e+01   1.3500000e+01   1.4000000e+01   1.4500000e+01   1.5000000e+01
  -2.1961237e+00   7.4073858e-01   1.2761940e-01   8.1996995e+00   5.3267382e+00   4.5327469e+00   8.0002338e-01   8.1648250e-01   9.6269531e+00   1.4818425e+01   4.1996173e+00   2.1887812e+00   1.6975692e+01   8.1822973e+00   2.6052041e+00  -8.9401243e-01   1.0270559e+01   1.0562389e+01   1.0849854e+01   4.3982621e+00   1.1545009e+00   1.1112449e+01   6.5336982e+00  -8.6465092e+00  -2.2690095e-02   1.2362064e+01  -3.3369658e+00   1.3030297e+00  -1.8604104e+00   6.5931852e+00  -3.2652721e+00
   4.9725400e-01  -3.3194358e+00  -2.4326582e-01   6.5380068e+00   2.4717583e+00   2.6151175e+00  -8.7820974e-01  -2.3133955e+00   8.1609960e+00   9.8564618e+00   9.8603426e+00  -8.1830474e-01   1.1766980e+01   8.8398995e+00   1.2812648e+01   5.9884799e+00   4.9805755e+00  -1.0373895e-01  -3.2190123e+00  -2.3396649e-01   8.0187806e+00   9.4248576e+00  -6.4517164e+00   2.0430025e+00  -6.4570948e-02   5.7453527e-01   4.0728796e+00  -5.0420964e+00  -5.0216315e+00   1.4152086e+00   1.4488848e+00
  -1.0501265e+00  -7.3439048e-01   5.1467893e+00  -2.0964338e+00   8.8496139e-01   6.2827232e+00   5.3211767e+00   1.2821506e+01   6.1301294e+00   7.3192512e+00   6.3410861e+00   5.7999218e+00   1.3026143e+01   1.0937101e+00   5.1075924e+00  -7.6377671e+00   7.9823611e+00   5.9362702e+00   6.6792345e+00  -3.8771413e+00   3.9905909e-01   8.2103413e-01  -8.6187826e+00  -8.7996033e+00  -3.2522968e+00   6.7786379e+00   1.0690674e+01   8.3731371e-01  -8.5249086e+00   1.3830585e+00   1.9726946e+00
  -3.0641866e-01   1.2421805e+00  -8.5359185e+00  -6.3968230e+00   5.8831713e+00   1.5203198e+00  -4.3437437e+00   3.4873377e+00   2.3698979e+00   1.0921506e+01   8.0415841e+00   1.0189774e+01   1.0896633e+01   2.5299616e+00   7.1123214e+00   4.7784222e+00   7.5281668e+00   1.2338019e+01   3.5924131e+00   7.6636097e-01   8.9406644e-01  -2.6567654e+00  -8.4399410e+00   2.5005919e+00  -2.1897050e+00   1.9556276e+00   2.7362004e-01  -2.4270290e+00   1.2235939e+00   3.5919630e+00   7.6755946e-01
   8.5527094e-01  -4.6710384e+00   7.1857009e+00   7.1103180e+00  -1.1099492e+01  -7.7381925e+00   5.7449051e+00   7.7187498e-01   1.9730318e-01   2.0675277e+01   3.7296168e+00   2.4528758e+00   9.8803760e+00   4.0224226e+00   8.9733822e-01  -1.7057894e+00   1.1228832e+00   5.5160036e+00  -5.4988159e+00   8.0900364e-01   6.7510682e-01  -1.3170571e+00   5.1479063e+00   3.3229974e+00   1.4649193e+01  -6.2213702e+00   7.9440017e-01   3.9470640e+00  -2.8841862e+00   2.6385893e+00   8.3586039e+00
   4.1867540e+00   4.7788659e+00  -4.6757171e-01   2.5995885e+00  -8.1785210e-01   1.9163617e+00   3.3217540e+00   1.0062883e+01   8.5236901e+00   7.3389004e+00   6.3519641e+00   7.3575901e+00   2.5387807e+00   1.1455935e+01   1.2436001e+01   2.4290216e-01   1.2589920e+01   4.5070311e-01   2.8288077e+00   3.0127313e+00  -4.9308216e-01  -3.1647177e-01  -5.6286874e+00  -3.3388614e-03   3.1408605e+00   9.3508794e+00   4.1820021e-01   8.0433694e+00  -1.9021027e+00  -6.4975230e+00  -3.6196578e+00
  -2.6385611e+00   3.4682516e+00  -6.0240022e+00   4.9909243e-01  -3.7268889e+00  -1.1072721e+01   5.0743300e+00   7.8629055e-01   1.2028159e+01   5.9779666e+00   1.4023288e+01   1.3799946e+01   1.8998722e+01   4.3940416e+00   9.0334913e-01   1.0105369e+01   2.0589311e+00   9.9991970e-01   4.3753414e+00   3.4612961e+00   2.6437091e+00   5.9239745e+00   4.4985858e+00  -5.7858275e+00   2.0593199e+00  -2.8995837e+00  -4.8886046e+00   5.7892783e-01   3.4358320e-01  -2.6490844e+00   2.7056923e+00
   3.5949565e+00   3.0527536e+00  -1.8968235e+00  -5.4959210e+00  -1.2661093e+00  -1.3338679e-01   4.2451207e+00   8.5345382e+00   1.7020096e+01   7.4531851e+00   7.8040191e+00   7.2946583e+00   3.9932908e+00   9.7875491e+00   5.9481933e+00   8.0580675e+00   8.4578274e+00  -3.3323130e+00   6.3067927e+00  -2.7816062e+00  -3.0252579e+00  -3.3168294e+00  -1.3319171e+00  -7.5027388e+00   4.1821269e+00  -3.0433818e+00   4.8074678e+00   9.8683343e+00   1.4760179e+00  -1.9628396e+00   2.8797663e+00
  -5.5207398e+00   6.6527542e-01   7.1494210e-01   2.7404326e-01  -1.6495587e+00  -2.2600916e+00   3.5654371e+00   8.6735343e+00   4.9360244e+00   3.4267391e-01   1.0559379e+01   1.4026987e+01   3.1428767e+00  -6.5410110e+00   1.1599310e+01   5.7428459e+00  -5.2517114e+00  -1.4650451e-01   7.8120076e+00  -1.6326407e+00  -5.8576637e-01   4.3584352e-01   1.9300577e-02  -2.4202460e+00  -5.7396887e+00   3.5736912e+00   3.6496864e+00   4.3378163e+00   1.2159075e+01   5.5143586e-01   1.3237870e-01
   5.0379757e+00   3.3363241e-01   7.7010626e+00   9.9038856e+00   6.2122430e+00   8.3974685e+00   5.8303265e+00   6.0320744e+00   2.8832083e+00   7.5226858e+00   2.7237028e+00   1.8109435e+01   7.5372936e+00   4.0107609e+00   1.6614862e+00   9.8317014e+00   6.3231060e+00   7.3676590e+00   7.3319241e+00   7.1875229e-01   8.4748030e+00   1.2614027e+00   4.2365927e+00  -8.5134303e+00   9.2013696e-01  -2.3988691e+00  -3.6493100e+00  -1.0656126e+01  -9.0506007e+00  -2.6127391e-01  -4.3092853e-01
