   0.0000000e+00   5.0000000e-01   1.0000000e+00   1.5000000e+00   2.0000000e+00   2.5000000e+00   3.0000000e+00   3.5000000e+00   4.0000000e+00   4.5000000e+00   5.0000000e+00   5.5000000e+00   6.0000000e+00   6.5000000e+00   7.0000000e+00   7.5000000e+00   8.0000000e+00   8.5000000e+00   9.0000000e+00   9.5000000e+00   1.0000000e+01   1.0500000e+01   1.1000000e+01   1.1500000e+01   1.2000000e+01   1.2500000e+01   1.3000000e+01   1.3500000e+01   1.4000000e+01   1.4500000e+01   1.5000000e+01
   3.0429849e+00  -2.1035945e+00   2.5237929e+00  -4.6026988e+00   1.2083322e+00   1.3811984e+00   8.4660461e+00   1.7917495e+00   6.2864189e-01   1.1579163e+00   7.2439227e+00   2.0604301e+00   1.3464351e+01   7.7437855e+00   5.7470559e+00   2.5936051e+00   4.1544910e+00   8.6010180e+00  -9.8810480e+00   7.3287398e+00  -1.3494746e+00   3.3676609e-01   4.6072491e+00   3.0115993e+00  -8.0202335e+00  -7.4934499e+00   2.8794703e+00  -4.5475948e+00  -8.1542524e+00  -1.7948403e+00  -1.9877581e+00
  -5.4027446e+00  -4.8870223e+00   2.4857556e+00  -8.0208580e+00   8.7305541e+00   6.2163613e+00   2.3056935e+00   4.3434711e+00   5.9416863e-01   4.0238929e-01   7.7179185e+00   1.0297126e+01   1.1839729e+01   4.2301558e+00   7.2078898e+00   1.3133110e+01   1.3907313e+01   1.2711808e-02   1.2498306e+01   6.6306928e-02  -2.9735865e+00   3.1415441e+00  -6.7436725e-02   5.9173106e+00   3.3450283e+00  -7.7255656e+00  -1.5134050e+01   2.7079811e+00  -5.0428576e+00   4.5410869e+00   7.9118390e+00
  -4.4916503e+00   5.7016790e+00   1.8248506e+00  -1.4043007e+00   1.0027121e+01   3.0651919e-01   9.8202656e+00   1.2377958e+01  -5.3107010e+00   2.0368401e+01   1.2630964e+01   1.1039803e+01   1.6111832e+00   3.5841732e+00  -2.7154431e+00  -2.9877587e+00  -1.8990614e+00   4.8279496e+00   1.0521258e+01   7.6040441e+00  -1.9134437e+00  -1.0563681e+01   1.3690429e+00  -3.5777089e+00  -8.8461112e+00   2.2650293e+00   2.9176111e+00   4.2881271e+00  -1.3291818e+00  -2.0864997e+00  -1.0287081e+00
  -4.6782418e-01   1.7500540e+00   9.4538671e+00   2.1279766e+00   5.4100499e+00   1.3290069e+01   1.9851419e+00   8.1091427e+00   6.6038962e+00   1.3751297e+00  -6.8189518e+00  -6.1052437e+00   3.7156544e+00   1.8177507e+00   2.1028245e+00  -3.7275357e+00   3.7112923e+00   2.9223749e+00  -2.2904796e+00   4.6530164e+00  -7.6728571e+00  -4.9599062e+00  -1.0742637e+00  -6.3928559e+00   6.2172610e+00   7.4980010e+00   1.1912321e+00  -7.0167048e+00   3.2960896e+00  -1.2782217e+01  -2.6744047e+00
   1.6416414e+01   2.8581568e+00  -4.7171132e+00   5.9641588e+00   7.3978029e-01   8.0664459e+00   1.8568770e+00   1.1168516e+01   1.0178410e+01   6.6900458e+00   4.3540204e+00   7.0687096e+00   4.4929053e+00   4.4771351e+00   7.6430389e+00  -6.3218071e-01  -1.4307375e+00   1.8445120e+00  -2.3259405e+00  -6.5903006e+00   4.8944926e+00  -1.0042161e+00  -7.6494320e+00  -1.8738352e+00  -6.6828794e-01  -1.1646358e+01  -6.7761558e+00  -9.0733525e+00   5.5442436e+00  -7.0972291e-01   5.5641059e+00
   3.2001109e+00   3.0540173e+00  -2.3645292e+00   2.9551686e+00  -4.5079630e+00  -7.3013610e-01   3.6326440e-01   5.4507946e+00  -3.8402908e+00  -1.3176886e+00   6.8391821e+00   1.3136102e+01   7.2794997e+00   2.6585602e+00   3.9009700e+00   3.7390626e+00   1.2365231e+01   1.5182655e+00   6.0021615e+00   4.6616648e-01  -3.4619757e+00   1.8712794e+00   5.4431774e+00  -8.2217089e+00  -5.4029740e+00  -9.3377597e-01   2.3285473e+00  -4.6156447e+00  -3.2461519e+00   3.1153170e+00  -6.6752146e+00
   5.6422349e+00   4.9788051e+00  -2.1796628e+00   4.8303869e+00   8.6272915e+00   4.4626602e+00   7.9791312e+00   5.1019291e+00   5.2168903e+00   5.2566696e+00   8.7879089e-01   2.0526721e+00   5.2929642e+00   9.8142106e+00   1.1486997e+00   1.0733738e+01  -1.4933255e+00   5.1077029e+00  -5.2414851e+00  -3.4729180e+00  -1.8283465e+00   1.4362459e+00   9.5406593e+00   6.4935466e-01  -2.0057183e+00   2.5810864e+00  -5.9840418e+00  -4.7671283e-01   2.2312210e+00  -1.4782729e+00  -8.3965896e-01
   1.3015074e+00   2.7677599e+00   9.4207855e+00   1.1515080e+01   5.6415339e+00  -3.9421461e+00   5.4964919e+00   1.6233565e+00  -8.6718630e-02   9.1063698e+00   8.2704695e+00   4.8207089e+00   3.5565562e+00   4.4056802e-01  -5.0572027e+00  -4.7904558e+00  -3.2932630e+00  -1.9454942e-01   2.1835510e+00   2.0113741e+00  -5.6616231e+00   3.8241787e+00   2.3184295e+00   7.3733645e+00  -2.4999449e+00  -8.4055319e-03  -2.6159400e+00   3.5935804e+00   5.4440026e+00   2.5036124e+00   1.3859271e+01
  -3.9775514e-01   2.8096113e+00  -8.8016936e+00  -1.1997578e+00  -7.2852610e+00   2.3500024e+00  -2.8994534e+00   1.0954197e+00   6.2222684e-01   4.8466823e+00   1.0586552e+01   1.3541339e+01   7.5922333e+00   2.0684646e+00   5.0403042e+00  -5.0702450e-01  -2.1412692e+00  -5.1553420e+00  -8.2225424e+00   5.3774244e-01   3.9035640e+00   1.3548936e+00   1.4342443e-01   1.9955615e-01  -2.7412469e+00   9.4552734e+00  -1.0883345e+00  -7.0668865e+00  -1.5119221e+00  -2.8470185e+00  -6.0715145e-01
  -1.5470625e+00  -3.5592668e+00  -7.6563902e+00  -7.1726600e-01  -5.5829522e+00   2.4108837e+00   8.2198384e+00   1.6306589e+01   7.7328911e+00   7.6732994e+00   1.1113265e+01   7.9333826e+00   1.1922472e+01   3.9421741e+00   4.7974500e+00   6.2385211e-02  -1.2206572e+00  -1.0933442e+00   5.3701098e+00   1.2119117e+00  -8.6256154e+00   9.4609731e+00   3.4544208e+00  -7.6244994e+00  -1.8245587e+00   1.0633193e+00  -3.8165319e+00  -5.2668578e-01   1.6959813e+00   5.1681580e+00  -7.0237898e+00
