   0.0000000e+00   5.0000000e-01   1.0000000e+00   1.5000000e+00   2.0000000e+00   2.5000000e+00   3.0000000e+00   3.5000000e+00   4.0000000e+00   4.5000000e+00   5.0000000e+00   5.5000000e+00   6.0000000e+00   6.5000000e+00   7.0000000e+00   7.5000000e+00   8.0000000e+00   8.5000000e+00   9.0000000e+00   9.5000000e+00   1.0000000e+01   1.0500000e+01   1.1000000e+01   1.1500000e+01   1.2000000e+01   1.2500000e+01   1.3000000e+01   1.3500000e+01   1.4000000e+01   1.4500000e+01   1.5000000e+01
  -5.3068263e+00   4.5590214e+00   4.5172782e+00  -7.9335417e+00   1.9894044e+00   6.1297752e+00  -3.4720109e+00   6.3332611e+00  -1.5260725e+00  -1.1873533e+01   6.2431178e+00   1.1793857e+00  -1.6415460e+00  -4.6853486e-01   1.5651949e+00  -6.1970716e+00   7.9518734e+00   4.2446327e+00   6.8746870e+00   6.3139405e+00   6.5015085e+00  -5.1056017e+00   1.1820988e+00   2.1069677e+00   2.9235641e+00   1.2409100e+01   1.9664727e+00  -2.8948020e+00   1.0420660e-01   5.0616535e+00   3.4141718e+00
   1.6256767e-01   6.6717498e-01  -8.4410468e-02  -2.2031867e+00  -5.8526004e+00  -2.8354381e-01  -1.0712356e+00  -1.6725978e+00  -4.8938301e+00  -2.6692236e+00   2.4040471e-01   1.5798944e+01   6.2852929e+00   6.8436791e+00   3.0470878e+00   3.4887074e+00   3.0479574e+00   1.0647701e+00  -3.2993266e+00   9.1781983e+00   8.4453316e-01  -3.8460213e+00   2.1478654e+00   2.0063710e+00  -3.7346647e+00   1.9341674e+00  -9.0701521e+00  -3.5226942e+00   1.6180881e+00   5.5820919e+00  -3.7778660e-01
   7.6240945e+00  -5.5362739e-01  -3.0451806e+00   1.7254124e+00  -1.2859381e-01   2.7513315e+00  -5.5814232e+00  -6.7715977e-01  -2.4474272e+00  -6.3809975e-01  -5.1370631e+00   2.3588073e+00   1.2428199e+00   2.7089297e+00  -3.7552778e+00   1.7517584e+00   7.0009439e-01   1.3015010e+01   7.7859760e+00   8.6121462e+00   1.6906326e+00   5.4698297e+00   2.6264403e+00  -3.5108725e+00   7.6036882e+00  -2.1879047e+00  -1.0235591e+01  -2.4701841e+00   2.5028017e-01  -5.9542470e-02  -8.3789785e+00
  -1.6351076e-01   4.8340695e+00  -3.8638853e+00  -7.2008793e-01   1.1976233e+00  -1.1911805e+01   1.2494411e+01   1.8306193e+00   4.4139295e-01   1.1022409e+00   3.9910426e+00  -2.9117005e+00  -3.0924627e+00   8.2378499e-01   4.3659829e+00  -4.5681871e+00   8.4156916e+00   1.4000043e+00  -9.1103816e-01  -6.6157579e-01   1.0274139e+01   2.5117836e-01   4.5059361e+00  -5.8021776e+00  -2.3452213e+00   1.5909465e+00   1.7394609e+00   8.2516796e+00  -7.2351278e+00   5.8302693e+00  -1.7754566e+00
  -4.4591013e+00  -8.2999048e+00   2.0899614e+00   2.2007013e+00   6.7540060e+00   2.3982949e+00  -1.4613600e+00   1.5994841e+00  -3.7385432e+00   8.1935179e+00   1.3845740e+01  -5.5858069e+00   7.1882283e+00   4.2467514e+00   8.3870937e+00  -2.3227485e+00   1.3294269e+01   4.9492556e+00   4.6281542e+00   4.5469560e+00   1.8972479e+00   4.6571424e+00   1.2304068e+01  -3.7493145e+00  -6.1287133e+00   6.2107391e+00  -6.3577821e+00   1.9988831e+00  -9.6235597e+00   2.9434095e+00  -7.7522851e+00
  -3.1271300e+00   4.0507290e+00  -5.0182255e+00  -5.6045462e+00   1.0357822e+00   4.4351944e+00   2.9138767e+00  -6.8531510e+00   2.4613428e+00  -5.4568302e-01  -4.4857364e+00  -1.9175937e-01  -2.9437566e-01  -3.4620220e+00  -3.2846786e+00   1.2223260e-01   6.3861857e+00  -6.9994726e-01   2.6097401e+00   1.3843186e+00  -7.3601892e-01  -3.0260623e+00   6.9166209e+00   1.5136788e+00   1.0084203e+01   2.3909379e+00   1.8334327e+00   7.5598809e+00   1.0248842e+00   2.8885393e+00  -8.6480415e-01
  -4.3448326e+00  -2.2574538e+00   3.8137210e-01  -1.7576051e+00  -2.0622733e+00   9.0050483e+00   3.5842133e+00  -1.6096337e+00  -7.7227709e+00  -2.1844972e-01   6.7307931e+00   6.6674131e+00  -1.3544744e+00   7.3196571e+00   3.2086849e+00   7.6068010e-01   5.9997488e+00  -6.4760796e-01   4.2810408e+00   4.6071921e+00   1.3547412e+01   4.9975530e+00  -1.3079403e+00   9.5313285e+00  -3.2635746e+00  -5.6180033e+00   7.3757782e+00  -1.0119635e+00  -7.5281726e+00   2.5023168e+00  -1.2408881e+00
   4.8749592e+00   4.2674463e+00   8.1413832e-01   5.0691902e+00   3.8625257e-01  -1.7979238e+00   8.3073296e+00  -7.2155352e+00   9.6472502e-01   1.7882289e+00   7.6653424e-01   4.2936005e+00   2.3897327e+00   1.7934542e-01  -6.9525364e+00   4.0766482e+00   4.9397960e+00   6.9838946e+00   1.1178547e+01  -1.0420342e+00   2.1128981e+00   3.6309846e+00   7.7626574e+00  -1.7846172e+00  -4.6130179e+00   4.4195517e+00  -1.8453992e+00   5.8994193e+00   2.2277074e+00  -4.2171004e+00   3.2428672e+00
  -2.3448249e+00  -1.0133562e-01  -4.8594868e+00   1.6009558e+00  -3.2535105e-01  -4.0916169e+00   5.5967297e-02  -6.2464928e+00  -5.3466977e-01  -9.1410822e-01  -1.6913480e+00   1.1974874e+00  -3.2111567e+00  -5.0241972e+00  -2.8239159e-01  -2.5876159e+00  -4.8001899e+00   3.6520793e-01   4.6490985e+00  -7.2348644e+00  -4.5081532e-01  -8.2754282e-01   7.7540148e+00  -5.3162053e+00  -1.3877802e-01  -1.6967276e+00  -1.0922519e-01  -7.6339241e+00   1.2678284e+01   9.6233418e+00   1.3767932e+00
   7.4282747e+00   4.5818506e+00   1.4236187e+00   1.7711043e+00   9.9421343e-01  -3.5576689e+00   5.6211473e+00   4.3550569e+00  -1.3087129e+00   2.2596062e+00   4.8821228e+00   9.7322214e+00   2.4121549e+00  -7.0084271e+00   2.7735600e+00   8.6188898e+00   4.5409891e-02   4.6125176e+00  -1.8162592e+00  -5.5234884e+00  -6.3859767e-01   1.6658958e+00  -7.3097882e+00  -4.6580038e-01   8.6611231e-01   1.0872821e+01   4.0848198e+00  -1.8164374e+00  -8.8212174e+00   3.3847765e+00  -4.4057262e+00
