   0.0000000e+00   5.0000000e-01   1.0000000e+00   1.5000000e+00   2.0000000e+00   2.5000000e+00   3.0000000e+00   3.5000000e+00   4.0000000e+00   4.5000000e+00   5.0000000e+00   5.5000000e+00   6.0000000e+00   6.5000000e+00   7.0000000e+00   7.5000000e+00   8.0000000e+00   8.5000000e+00   9.0000000e+00   9.5000000e+00   1.0000000e+01   1.0500000e+01   1.1000000e+01   1.1500000e+01   1.2000000e+01   1.2500000e+01   1.3000000e+01   1.3500000e+01   1.4000000e+01   1.4500000e+01   1.5000000e+01
  -2.5023416e+00   2.3685894e-01  -2.0549141e+00   1.7948536e+00  -3.8249355e+00  -5.2603665e+00   1.1142726e+00   7.6319774e+00  -2.6244434e+00   2.5287672e+00   7.5971100e+00   2.6525591e+00   9.1359451e+00   4.3136222e+00   1.2353413e+01  -5.7809917e+00  -1.7567928e+00   2.9969455e+00   6.2639653e+00   8.0308904e+00   7.6441786e+00   8.1878915e+00   8.0964898e+00   5.0199831e+00   2.2147035e+00  -3.6318881e+00   3.8275167e+00   3.6876812e+00  -8.2027755e+00  -2.3958107e-01   1.7378164e+00
   2.2224057e+00  -5.2809633e+00  -2.1246225e+00   3.2118131e+00   1.9333419e+00  -5.4171295e-01   5.3815576e-01   1.6717939e+00  -6.8719368e+00   4.6897949e+00   1.0226235e+01  -6.0349617e+00   5.2835169e+00   5.1380339e+00   9.1204444e+00   2.4077422e+00   3.6310837e+00   6.5056693e+00   3.5405623e+00   8.6904880e+00   9.1555958e+00  -1.3999921e-01   3.7457954e+00  -1.5847099e+00   6.8415632e+00  -8.7774311e+00  -3.2306210e+00   1.5350058e+01   3.0472672e+00   4.1104051e+00   4.5724419e+00
  -1.2607199e+00  -1.7637232e+00   1.4494789e+00   1.9730492e+00  -6.1413598e-02  -8.8596946e+00   5.9639086e+00  -1.2186006e+00   7.0097437e+00   2.7432112e+00   3.5133884e+00   1.4108856e+00  -3.1573561e+00   3.1177603e+00   9.9714697e+00  -3.8091633e+00   8.9888241e+00   5.2761582e+00   1.2858715e+00   6.0845145e+00  -1.1821100e+00  -2.7051993e+00   2.4233670e-01   3.2532717e+00   1.5826278e+00   2.3479192e+00   8.9000943e+00   5.9315330e+00   9.6478577e+00   1.3203473e+01  -8.3097173e+00
  -3.4394475e+00  -2.6810821e-02   7.6417838e+00   4.3787608e+00   8.4489829e+00   3.4670257e+00  -2.5063663e+00  -1.7971320e-01   1.0936699e+00   2.4143316e-01   2.0782262e+00   4.0665669e+00  -4.0442558e-01   1.0442721e+01   7.2422768e+00   3.8317470e+00   3.1608880e+00   3.2810348e+00   4.7945221e+00   6.6299722e+00   2.2270489e+00   8.4675288e-02  -1.8626328e+00  -1.6590864e+00   3.2687090e+00   5.9499174e+00   6.3584385e+00  -3.1524495e+00  -7.2882997e+00   6.6104197e+00   1.9584861e-01
   6.1501041e+00   3.6492011e+00   5.6209365e+00   1.7665171e+00  -2.5220141e+00  -1.7088392e+01  -2.0589827e+00   1.1915425e+00  -4.6386987e+00  -8.1754594e-05   8.7303998e-01   6.4812266e+00   4.3935568e+00   1.6253895e+01   9.4569497e+00   2.1241077e+00   1.5786134e+00   7.3339772e+00   4.1134056e+00   6.8427096e+00   6.0124918e+00  -2.4116344e+00   3.4123666e+00   3.9073959e+00  -5.2761118e+00  -2.8046003e-02  -2.4582140e-01  -1.4701474e+01  -2.8071385e+00   4.7564059e+00  -8.6449093e+00
  -1.2186237e-01  -1.4031587e+00  -2.5301553e+00  -7.7587902e+00   1.6068243e+00   3.8907437e+00   6.5059402e+00  -1.2318540e-01   6.3470591e+00   5.4105093e+00   2.3720998e+00   8.6005736e+00   8.0183231e+00   4.3051464e+00  -6.4912712e+00   1.3437943e+01   9.6274998e+00   8.0029610e+00   1.4209997e+00   8.6369398e-01   7.6110605e+00   9.0699224e+00   1.9532341e+00   5.8216532e+00   8.1816435e+00   5.3751033e+00   4.3110623e+00  -7.9493353e+00   6.9548612e+00  -3.4633132e+00   6.1441044e-01
  -1.6975006e+00  -3.2528971e-01  -8.2647562e+00  -4.3684755e+00   8.5133315e-02   4.6868001e+00   7.1638511e+00  -2.5895437e+00   3.0503991e+00   8.1920108e+00   3.1053388e+00   7.7173131e+00  -2.2291327e-01   2.4166906e+00   1.1184956e+01  -4.4830096e+00   2.9416317e+00   4.7711773e+00  -6.1089513e+00   8.1187042e+00   3.5942513e+00   6.2726506e+00   6.4072331e-02   5.5533342e+00   6.5186401e-01  -4.8178571e+00  -4.2269378e+00   4.5158435e+00   3.3194674e+00   5.7151960e-01  -6.8053502e-02
  -8.8097283e-01  -3.0679151e+00   7.1404539e+00   3.7309261e+00  -6.3785093e+00  -7.0896309e+00   5.8244250e+00   1.9585608e+00   4.0773469e-01   5.5545040e+00  -5.8041650e+00   3.1685765e+00   7.9192377e+00  -5.2172079e+00   5.9828211e+00   4.5210720e+00  -1.7633135e+00  -1.9373752e+00   1.2811561e+01  -2.1809764e+00   5.8613112e+00   5.4758740e+00   9.0461669e+00  -3.4102775e+00  -3.5606959e+00  -9.4742627e+00  -6.1689699e+00  -2.3762173e+00   1.9846261e+00   2.7593512e+00  -2.8658268e+00
  -2.6660922e+00  -6.7398096e+00   4.1662141e+00   3.8295400e+00   1.7045252e+00   6.1932102e+00   2.0264876e+00   1.2075579e+01   4.0712487e+00   1.0548361e+01   9.7331982e+00   1.8742224e+01  -8.0708475e+00   5.3117762e-02   1.3251281e+01   1.3762156e+01   3.7254050e+00  -1.2329844e+01   1.9701999e+00   1.0096354e+01   1.4287931e+00   1.0199717e+01   7.2234031e+00  -3.5293133e+00  -7.2980288e+00   5.0969715e+00   5.7306641e+00  -1.6541829e+00  -9.3935620e+00   2.4886064e+00   3.5265643e+00
  -1.4125266e+00  -2.8311627e+00  -5.9503445e+00   1.5409175e+01   8.5532974e+00   1.2654809e+00   1.0913418e+00  -4.9801606e+00  -2.9860164e-01  -1.9907597e+00  -3.0658972e+00   8.0566277e+00   8.2101125e+00   3.6981742e+00   2.7156456e+00   3.1562877e+00   1.6949707e+00   5.5064285e+00   8.4638327e+00   2.3360667e+00   3.5116102e+00   5.9041275e-01   1.8571777e+00   4.5276224e-01   8.1933253e+00  -9.5488305e-01  -8.1110229e-02   3.3909728e-01  -2.7634815e+00  -6.0166402e+00  -9.8031197e+00
