   0.0000000e+00   5.0000000e-01   1.0000000e+00   1.5000000e+00   2.0000000e+00   2.5000000e+00   3.0000000e+00   3.5000000e+00   4.0000000e+00   4.5000000e+00   5.0000000e+00   5.5000000e+00   6.0000000e+00   6.5000000e+00   7.0000000e+00   7.5000000e+00   8.0000000e+00   8.5000000e+00   9.0000000e+00   9.5000000e+00   1.0000000e+01   1.0500000e+01   1.1000000e+01   1.1500000e+01   1.2000000e+01   1.2500000e+01   1.3000000e+01   1.3500000e+01   1.4000000e+01   1.4500000e+01   1.5000000e+01
  -4.3297637e+00  -3.5549700e+00  -1.7278578e+00  -3.1447737e+00  -7.2844614e+00   4.6626061e+00   3.9742011e+00  -1.0636495e+00   1.0109239e+01   3.3603214e+00   1.1243835e+01   1.1349336e+01   5.6092828e+00   5.9526724e+00   1.5033575e+01   1.3592354e+01   7.6386572e+00   7.6244302e+00   1.6862691e+01   8.3627018e+00   6.6944216e+00   8.6914859e+00   1.1419918e+01   4.9985507e+00   9.4131161e+00   2.3540394e+00   5.8003810e-01  -1.1939827e-01  -8.4563048e+00   5.9527286e+00   1.4866990e-01
  -5.2812499e-01  -4.4396597e+00   7.0988180e-02   2.1182065e+00   1.4640145e+01   7.3856535e+00   3.8808486e+00   2.5796811e-01  -8.1425102e+00   1.2870087e+01  -1.0057535e+00   8.4579300e+00   1.1133973e+01   2.2513211e+00  -2.9864310e-01   1.5882742e+01   1.0585321e+01   1.6642530e+01   7.2115029e+00   1.2569488e+01   8.6080789e+00   9.1747270e+00   1.1533891e+01   6.9072419e+00  -1.9407214e+00   7.1658005e-01   1.2119496e+01   1.3461664e+00   5.1566019e-01   1.7516257e+00   9.9018400e+00
  -1.1326758e+01  -3.2074990e+00  -8.6591238e+00   6.4112559e-01  -1.7724230e+00   5.4387875e+00  -1.0764483e+00   3.3703504e+00   1.2016747e+00   4.5851450e-01   6.8438380e+00   1.7345314e+01   9.4644821e+00  -3.7172534e+00   2.9681667e+00   2.6602931e+00   1.9529894e+01   1.2406410e+01   1.5272210e+01   6.1147586e+00   9.6115581e+00   6.6508560e+00   1.9818175e+00  -1.7278111e+00   2.2041462e+00   5.2169322e+00   6.8656130e+00  -9.3041269e-01  -7.4830682e+00  -1.7508828e+00   6.5322329e+00
   4.7681578e+00  -5.6566008e+00  -2.4736338e-01  -3.9235738e+00   3.6523467e+00  -3.4323157e-01   1.9292006e+00   6.5395312e-01   6.8578536e+00   1.4385573e+00   4.4390588e+00   9.1995708e-01   6.2014650e+00   7.4466405e+00   3.2310739e+00   1.9337184e+01   1.3834218e+00   5.7344304e+00   1.5402384e+01   6.1357872e+00   1.4679540e+01   7.6619215e+00   1.3135452e+00  -1.6243242e+00   1.0490601e+01   6.9827609e+00   5.1431271e+00   2.9700174e+00  -5.3335382e+00   6.9416022e+00   3.7693333e+00
  -5.5820854e+00  -3.1543643e+00  -1.6003539e+00  -2.5003979e+00  -7.6912781e+00  -1.1055900e+01  -6.1017096e-01  -6.9537689e+00   1.3250209e+00   1.4163659e+01   2.1275003e+00   1.1337264e+01   9.9845507e+00   5.6821647e+00   1.4482382e+01   1.2475671e+01   1.1261488e+01   1.7924018e+01   1.4341143e+01   2.5783846e+01   8.1814495e+00   7.6229941e+00   1.1545239e+01   1.2502756e+00   7.7259230e+00   8.4424960e+00   9.6574933e-01   8.1052534e+00   1.1314323e+01  -5.6429123e+00   3.1231495e+00
   2.8115302e+00   5.8310520e-01  -4.6499214e+00   8.8538749e+00   6.2920715e+00   5.1945900e+00   7.6324376e+00   1.0079624e+01  -4.7888155e+00   3.3033647e-01   1.3595625e+00   2.1548511e+00   1.9830821e+00   6.8570743e+00   6.4843376e+00   1.7250548e+01   1.1860309e+01   1.5049201e+01   2.2058640e+01   5.6629181e+00   1.2348796e+01   6.1108361e+00   1.1917856e+01  -1.4601727e+00   7.7673326e+00  -5.4438577e-01   1.5492523e+00   4.3236412e+00   9.3835683e+00   9.2042009e-02   2.8360976e+00
   3.2962002e+00  -8.0551517e+00  -1.2273885e+01  -4.0245770e+00   3.9123951e+00  -1.4622867e-01   9.5313498e+00  -1.9724190e+00   9.7579082e-01   1.0100397e+01   8.9663609e+00   3.3651952e+00   4.7508101e+00   1.0251056e+01   9.6245633e+00   7.3705968e+00   5.4735092e+00   7.0820755e+00   4.4069143e+00   1.2886768e+01   3.1449476e+00   2.9594201e+00   1.5406696e+01   1.7080942e+01   1.6514781e+01   6.7392790e-01  -4.1288449e+00   8.6671714e+00  -5.7584144e+00   1.9709186e+00   6.2750997e+00
   2.3603524e+00  -6.4501535e+00  -1.1417142e+00   5.8485631e+00   2.2152069e+00   1.5537674e+00  -5.3326575e-01   2.9365306e+00   9.8911480e+00   3.8540305e+00   1.2482097e+01   9.3365616e+00   9.9240430e+00   6.0497876e+00   5.5393384e+00   9.4692757e+00   1.1272807e+01   1.6302802e+01   1.8537918e+01   9.4331206e+00   2.7539190e+00   3.6476725e+00   1.7490808e+01   2.8143429e+00  -2.5200504e+00   2.8800096e+00   3.1596659e+00   1.6680162e+00  -1.0261975e+01  -4.3120690e+00  -2.3567307e-01
  -1.0301731e+01   7.8828799e+00  -6.7079661e+00  -2.8368318e+00  -2.9903182e+00   5.7948475e+00   4.1211617e+00   1.3972389e+00   3.4139932e-01   3.9793263e+00   1.1393402e+01   7.7879374e+00   4.6130510e+00   1.4243350e+01   7.6096161e+00   8.2138425e+00   1.1304225e+01   2.4694867e+01   2.4546748e+01   1.1466066e+01   1.4675779e+01   9.0044441e+00   7.6961309e+00   4.8179975e+00  -1.9301917e+00  -4.8198215e+00  -2.6819540e+00   5.0772792e+00   9.4318410e+00   3.8212985e+00  -8.0988137e+00
  -1.4332945e+00  -7.8373094e+00   7.2897651e+00  -1.1311537e+00  -5.2410883e+00   4.5818684e+00   1.8473903e+00   7.4775729e+00   5.8795321e+00  -1.1287717e-02   2.0167717e+00   4.7599972e-01   1.2073417e+01   1.5574727e+01   4.6147825e+00   1.0347273e+01   6.9127850e+00   5.0398545e+00   8.8230087e+00   1.7071239e+01   2.0908227e+01   1.4147182e+01   5.6476976e+00   3.5528187e+00   5.2524710e+00   1.6686134e+00   8.7727911e+00  -2.2997332e+00   4.6151080e+00  -9.0031856e+00  -8.8732735e-01
