   0.0000000e+00   5.0000000e-01   1.0000000e+00   1.5000000e+00   2.0000000e+00   2.5000000e+00   3.0000000e+00   3.5000000e+00   4.0000000e+00   4.5000000e+00   5.0000000e+00   5.5000000e+00   6.0000000e+00   6.5000000e+00   7.0000000e+00   7.5000000e+00   8.0000000e+00   8.5000000e+00   9.0000000e+00   9.5000000e+00   1.0000000e+01   1.0500000e+01   1.1000000e+01   1.1500000e+01   1.2000000e+01   1.2500000e+01   1.3000000e+01   1.3500000e+01   1.4000000e+01   1.4500000e+01   1.5000000e+01
   1.1063003e+01  -2.3111942e+00   1.7674535e+00  -1.1732297e+01   1.5382372e+00   3.9994251e-01  -9.4406986e-01   2.5342524e+00   2.1251645e+00  -2.2528467e+00  -1.7458305e+00   2.2390051e+00  -1.3032962e+00   1.3040512e-01   1.7907581e-02  -4.8358838e-01  -6.7849762e+00  -4.9623855e+00  -1.6651294e+00   7.9019170e+00   2.5131756e+00   8.6090194e-01   7.8676649e+00   1.9546598e+00   2.8842387e+00  -2.7959346e+00   3.2497076e+00  -4.8910116e+00   2.7509952e+00  -5.6438198e+00   5.1898751e+00
  -5.8604529e+00  -5.4916312e+00  -2.1968186e+00   1.7637613e+00   2.8396194e+00  -3.7949058e+00   5.0132789e+00   1.9606131e+00   1.0661799e+01  -5.0312249e+00  -2.9509150e+00  -3.1889505e+00   2.6711703e+00   7.4213810e+00   1.4475767e+01   3.5666265e+00   2.5344566e+00  -3.2528359e+00   2.6338119e+00  -7.6541925e-01   2.4501237e+00   2.6693744e+00   7.7246861e+00  -8.5612159e-01  -1.0229118e+00  -5.3597160e+00  -3.3013071e+00  -5.1405914e-01   5.2768271e+00   2.3674817e+00   1.0148216e+01
   5.0446351e+00  -2.7029873e+00   4.1175231e+00   4.2557445e+00  -2.3693585e+00  -2.3924107e-03  -1.0117070e+00  -8.0691755e-01  -7.5812846e+00  -5.1907843e+00  -4.2218800e+00  -2.7900373e+00   4.5744127e+00   7.7163375e+00  -3.3841615e+00  -3.2435096e+00  -4.3237224e+00  -6.6026449e+00  -1.9735762e+00   3.1375865e+00   2.2961544e+00   3.7361951e+00  -3.6977369e+00  -7.3171975e+00   1.9501004e+00   1.3448489e+00   6.8870870e-01  -5.3021559e+00  -8.4054644e+00   6.4302025e+00  -3.8080612e+00
  -5.8428723e+00   1.8901497e+00   2.0493412e+00  -1.3029292e+00   2.8954543e-01  -2.8080433e+00  -8.2207103e+00  -5.1946969e-01   5.5160184e+00  -1.2061973e+00  -2.1762386e+00   6.6715469e+00  -2.0715535e+00  -2.3061121e+00  -1.0696172e+00  -6.3866173e+00   5.3470605e-01   1.3239400e+01   1.4962891e+00   4.4319080e+00   1.9693905e+00   1.0396686e+01   7.2544240e+00  -1.0924152e+00  -1.5091177e+00   2.5047529e+00  -2.2096823e+00  -2.2464718e+00   4.2294353e+00  -5.9612579e+00   4.6533507e+00
  -3.6463424e+00  -4.7750270e+00  -5.2932119e+00  -5.9033083e+00   2.7511523e+00  -5.4459800e-01   4.9120417e+00   8.2568126e-01  -4.9263246e+00   3.4860796e-02   8.7463681e+00   1.3345440e+00  -6.4275363e-01   5.9083029e+00   5.3889748e+00   1.0674609e+01   7.9899976e-01   1.5942962e+00  -1.1323029e+00  -8.3353535e+00   6.5872888e+00   9.3772480e+00   3.6283500e+00   2.0838077e-01  -4.7041035e+00  -2.8137526e+00   1.0546825e+00  -1.9680920e+00  -2.9029063e+00  -1.4109318e-01   8.3731910e+00
   5.6027527e+00   8.7148337e+00   5.4326565e-01  -1.0576546e-01   8.7695085e+00   4.5053394e+00  -4.4882001e+00   8.4955647e+00   1.0188462e+00   2.9159157e+00   7.6331962e+00  -1.0490441e+01  -5.3896797e-01  -7.0815161e+00   3.9752426e+00  -8.8286482e-01  -2.2818174e+00  -1.4411682e+00  -2.2346078e+00  -3.4216313e+00   7.7830231e+00   1.1444209e+01   3.2763568e-01   3.9340774e+00  -5.8116317e-01   8.1327853e+00   7.6617960e+00  -4.9118778e+00   7.2574581e+00   2.0992426e+00   5.0338609e+00
   5.7818514e+00   1.5692951e+00   2.5051669e+00  -1.8245875e-01   2.8341052e+00  -3.4936143e+00  -4.9929604e+00   4.7388173e-01  -1.6404917e+00   1.3373514e+00   3.7319143e+00   5.2505288e+00  -3.8402991e+00   3.0952320e+00   1.4045739e+00  -3.0840266e+00   3.3869211e+00   5.8082118e+00   7.8265014e+00   1.0515176e+01   2.4686325e-01   4.3736579e+00   2.2693163e+00   4.7646479e+00   1.7852093e+00   3.8519250e+00   4.4056078e+00   4.0689695e+00   5.2882258e+00   2.6870977e+00   2.3453295e+00
   3.1548672e+00   5.1015631e+00   4.9274410e-01  -1.7438681e+00  -7.1497210e+00  -4.8134374e+00   1.7525647e+00   8.6701635e+00   7.6378285e+00   4.5147344e+00  -8.8300518e-01   9.0883111e+00  -9.6862750e+00   4.0952071e+00   4.9312039e+00   2.5416633e+00   2.6892743e+00   3.8440416e+00   4.7810366e+00  -9.7073519e-01   3.1941626e+00   1.0262581e+01   4.6363274e+00  -2.1368738e+00   5.1589656e+00   8.4081183e-01   5.0817463e+00  -3.8314736e+00  -7.8754115e+00  -2.5288132e+00  -5.5985323e+00
  -2.1237877e+00  -2.5736114e-01   1.2679265e+01   1.1237341e+00  -3.0434388e+00   2.2861059e+00  -2.4733131e-01   5.2024694e+00   9.0901954e+00   1.0484951e+01  -6.1703376e-01   6.8268814e+00   6.7074995e+00   4.9968468e+00   5.2610238e+00  -6.3800453e+00  -3.3142630e+00  -5.9159848e-01  -7.7456790e+00   1.4229921e+00  -1.9834963e+00  -5.3360186e+00  -2.8061859e+00  -6.7218312e+00  -2.8444140e+00  -3.6161213e-01   3.0769868e+00   5.6498575e+00   2.3854789e+00  -8.4469624e-01   2.8664840e+00
   2.4444000e+00   4.1800081e+00   1.1920250e+00  -3.7246896e+00   4.5804227e-01   7.2150854e-01  -7.0605136e+00   2.3310983e+00   3.7172899e+00   2.9133121e+00  -2.4991329e+00   1.4043714e+01  -5.1142597e+00   3.6502661e+00  -8.4577223e-01   2.3044871e+00  -8.5840965e+00   7.7718577e+00   1.0313515e+01   9.8134864e-01   4.2911704e+00  -3.4033304e-01   5.8726578e+00   4.2135072e+00  -3.3582228e+00  -2.3357828e+00   9.8727173e+00   4.3382302e+00   4.2819656e+00  -5.2223865e-01   7.1025940e+00
