   0.0000000e+00   5.0000000e-01   1.0000000e+00   1.5000000e+00   2.0000000e+00   2.5000000e+00   3.0000000e+00   3.5000000e+00   4.0000000e+00   4.5000000e+00   5.0000000e+00   5.5000000e+00   6.0000000e+00   6.5000000e+00   7.0000000e+00   7.5000000e+00   8.0000000e+00   8.5000000e+00   9.0000000e+00   9.5000000e+00   1.0000000e+01   1.0500000e+01   1.1000000e+01   1.1500000e+01   1.2000000e+01   1.2500000e+01   1.3000000e+01   1.3500000e+01   1.4000000e+01   1.4500000e+01   1.5000000e+01
  -2.2248970e+00  -9.4199926e+00  -1.7930988e+00  -5.2612796e+00   9.2179563e+00  -2.9445472e+00  -1.5126736e-01   4.2032747e+00   2.6403006e+00  -1.5920325e-01   8.9061674e+00   2.9101690e+00   6.8196573e+00   4.2944695e+00  -1.8628986e+00  -5.3190363e-01   5.6155610e+00  -2.7395870e+00   7.5702936e+00   5.5124833e+00   6.1663427e+00   2.9243866e+00   7.4042422e+00  -1.8025070e+00   3.4722708e+00   6.9859280e+00   6.6161024e-01   3.7901777e+00  -3.2218560e+00  -9.2394311e-02  -7.6673419e+00
  -5.3032747e+00  -1.0069428e+00  -8.2113953e+00  -8.2169565e+00  -1.1206807e-01  -8.5236784e-01  -5.8931967e+00   5.0169123e+00  -2.3203533e-01   6.6035876e+00   1.9611285e+01   6.6027143e+00   1.0403596e+01   7.4157517e-01   9.9219167e+00   1.7919391e+00   6.9467991e+00   9.0668634e+00   3.0151555e+00   3.0601547e+00   8.2310426e+00   1.1295580e+01   6.9389571e+00  -5.9080292e-01  -5.7306808e-01  -3.5242864e+00  -3.3445264e+00   7.6533837e+00   5.6653515e+00  -9.6075909e-01   7.1705482e+00
   3.1900377e+00   1.1206114e+01  -6.2945433e+00   6.1253437e+00  -5.4637544e+00  -2.1879936e+00   6.8348904e+00   2.4567661e+00   5.5776073e+00  -1.9221685e+00   1.2190330e+01   3.2906756e+00   1.6963138e+01   9.9144039e-01  -3.1313166e+00   1.8324128e+00   6.7114622e+00   1.0956483e+01   1.2437164e+00   1.4947836e+01   3.0520436e+00   6.2321907e+00  -1.2026117e+00   8.7312993e+00  -4.6997766e+00   4.1960762e+00   4.1654144e+00   2.9042094e+00   8.6852585e+00  -3.2583826e+00   1.7134686e+01
  -1.9179442e+00   6.1278858e+00   1.7064482e+00  -2.1584171e+00  -1.2246041e+00   4.5349235e+00  -7.1503545e-01   1.1809938e+01   3.7335042e+00  -9.4289776e-01   2.6089184e+00   5.5831341e+00   3.6311865e+00   8.3812282e+00   4.0660199e+00   8.0653959e+00   1.2718300e+01   4.4379204e+00   5.7841550e+00   1.3623679e+01  -9.1522701e-02   4.1198011e+00   9.9635092e+00  -3.3563280e+00  -4.6434255e+00  -6.6579765e+00  -4.3170404e+00   1.3339818e-01  -1.0403599e+01  -9.0588391e+00  -7.6391582e+00
  -1.1211992e+00   6.0956326e+00   1.5755571e-03  -2.4330907e+00   9.3471555e-02   1.1931532e+01   2.0102124e+00   2.2702523e+00   3.2132659e+00  -5.3281752e+00  -8.9584518e+00  -6.6898955e+00   1.0106820e+01   2.6238339e+00   1.5875407e+00   3.7702888e+00   5.7308862e+00   9.0779492e+00  -1.9499094e+00   4.3266977e+00   7.1705986e+00  -2.7733112e+00  -8.0439155e+00   2.7254123e+00   1.8426010e+00   1.3803462e+01   2.4729129e-01   2.5818028e-01  -2.3774942e+00   6.1598526e+00   6.2485139e-01
   8.5231405e+00   2.3850432e+00   5.5030243e+00  -3.6413494e-01   1.3707706e+00  -1.6148239e+00  -2.1520673e+00  -8.2985530e+00  -5.3377637e+00   3.6596510e+00   1.0796556e+00  -1.4499244e+00   1.0830564e+01   8.7825194e+00   2.6066218e+00   9.7419719e+00  -8.8927596e-01   1.4830655e+01   4.2415573e+00   7.4336338e+00   5.8316433e+00  -9.0556153e-01   7.4219788e+00   4.6564563e+00  -2.6850156e+00   1.9586626e+00  -5.5029753e+00  -1.2094456e+00  -7.4834170e+00  -2.9780409e+00  -1.0032871e+00
   5.4656703e+00  -7.5650187e-01  -3.8840148e+00   2.4517306e-01  -5.3841333e+00  -2.5838015e+00   8.8098151e+00   1.9792337e+00  -2.2316804e+00   1.8075107e+00  -4.4519646e-01  -5.7883571e-02   2.9050632e+00   2.1945320e+00   5.4555946e+00   1.2789815e+01   3.3426791e+00   2.8361277e+00   8.5652563e+00   7.8059227e+00   6.1200558e+00   2.7516322e+00  -3.6308524e+00   4.9217009e+00  -2.6417551e-01   1.5847225e+00  -1.8532374e+00   2.5905468e+00  -1.1492337e+00  -2.7325435e+00  -7.0121461e+00
  -5.2289351e+00   8.9317913e+00   1.0706329e+01  -4.8388823e+00  -1.2993833e-01   9.6598182e-01  -1.2481664e+00   1.0503305e+01   4.5892504e+00  -7.8003943e-01  -3.3418531e+00   3.9462222e+00   4.3376102e+00  -2.4133252e+00   8.1265841e+00   5.1663459e+00   1.1443959e+01   3.4299471e+00   6.7777575e+00   4.3987876e-01   3.2039016e+00   8.6181424e+00   9.0561320e+00   1.9422267e+00   1.3822025e+01   3.3570735e-01   6.9475445e+00   1.5699836e+00  -1.4539755e+00   9.3441724e+00   1.5063396e+00
  -1.2904204e+00  -8.1256508e-01   1.8034417e+00   2.4205258e-01   7.5240570e-01  -1.9024986e-01  -3.8602358e+00   1.1883775e+00  -5.9203488e+00   1.5276637e+00   3.3484362e+00   5.1535204e+00   8.6007278e+00  -1.4095942e+00  -1.3137347e+00   1.4963614e+01   1.8348964e+01   9.1699621e+00   1.3623004e+00   6.6485064e+00   4.0981160e+00  -7.7851278e+00   2.3463807e+00   8.9839119e-01   3.3651267e+00   1.2244094e+00  -1.6999932e+01  -5.3262183e+00  -7.1327270e+00  -3.8389797e+00  -9.2151674e+00
  -1.2721396e+00  -4.5187009e+00   3.1068645e+00  -3.2187397e+00   3.3598509e+00  -6.2928203e+00  -8.6091639e+00  -3.6423676e+00   4.8496314e+00   8.0633815e+00  -1.6646594e-01   1.1261355e+01   3.3955370e+00   5.0595225e+00   3.2984839e+00   2.1040233e+00   6.1367493e+00   7.4597255e+00   3.1661589e+00  -9.7533953e+00   1.3912782e+01  -2.2337250e+00   1.1614987e+01   6.5910739e+00  -1.2284253e+01   7.3838573e-01   1.7684823e+00   4.2917589e+00   3.1673916e+00   3.0106062e+00   1.5244242e+00
