   0.0000000e+00   5.0000000e-01   1.0000000e+00   1.5000000e+00   2.0000000e+00   2.5000000e+00   3.0000000e+00   3.5000000e+00   4.0000000e+00   4.5000000e+00   5.0000000e+00   5.5000000e+00   6.0000000e+00   6.5000000e+00   7.0000000e+00   7.5000000e+00   8.0000000e+00   8.5000000e+00   9.0000000e+00   9.5000000e+00   1.0000000e+01   1.0500000e+01   1.1000000e+01   1.1500000e+01   1.2000000e+01   1.2500000e+01   1.3000000e+01   1.3500000e+01   1.4000000e+01   1.4500000e+01   1.5000000e+01
  -5.0760706e+00  -2.4764770e+00   6.5856472e+00   1.6324141e+00   3.0443783e+00   8.8377819e+00   1.2599067e+01   7.0383629e-01   1.6255811e+01   8.6654046e+00   6.9727313e+00   1.6817401e+01   1.1761203e+01   6.2585246e+00   5.9766578e+00   3.1978397e+00   9.1326300e-01   8.0260643e+00   3.4580227e+00  -1.1425643e+01   1.1857541e+00   4.2473611e+00   4.6870186e+00  -2.3343845e-01  -2.5308246e+00   2.0579509e+00  -2.6108452e+00   2.9688902e+00  -9.7382564e+00   2.6312910e+00   8.0163658e+00
   4.5354135e+00   4.0729651e+00  -2.2174730e+00  -1.4931886e-01   9.9150992e+00   1.8998003e+00  -3.4542479e+00   1.6609077e+00   1.1801534e+01   8.1166456e+00   1.0455937e+01   1.1553010e+01   1.8050662e+01   1.1560927e+01  -4.2648187e+00   1.3323160e+01   1.2394479e+01   2.1731479e+00   3.5318107e-01   7.7644777e+00  -5.1207106e-01  -6.5213615e-01   7.9198489e+00   2.0042918e+00   9.7826168e+00  -3.7692043e+00  -2.6697419e+00   8.6195791e+00  -3.1833112e+00  -7.0912181e+00  -3.7689957e+00
   1.6602164e+00   3.1859600e+00   2.7425813e+00  -4.6832001e-01  -1.5913137e+00   1.0257435e+01   1.7248033e+01   1.7621371e+01   1.8694702e+01   6.5612573e+00   1.0901884e+01   7.9708351e+00   8.4198659e+00   5.8270880e+00   6.3227560e+00   1.1346337e+01   7.7839469e+00  -2.3818386e+00   4.8631493e+00   1.5881769e+01   1.6647135e+00   3.7224451e+00  -9.4787347e+00  -3.4109839e+00  -1.9057107e+00   1.1984471e+00   4.5813791e+00  -7.8831401e+00  -1.5691415e+00  -3.4977278e+00  -3.7107441e+00
   2.7290532e+00   8.4806075e+00   4.1488236e+00   5.8492447e+00   8.9975561e+00   9.2097519e+00  -1.2741679e+00   6.1776995e+00   7.8620699e+00   1.9952265e+01   1.2896223e+01   8.9477153e+00   1.0238025e+01  -2.3030127e+00  -4.3632955e+00   4.5650584e+00   1.1869384e+01   7.2278958e+00   2.5935601e+00   2.4699752e+00   1.1605535e+01   7.8877583e+00  -8.5749990e-01  -1.0369264e+00   7.9368378e-01   2.3960857e+00  -5.9813208e+00  -1.3604482e+01  -2.6344015e+00   1.1066283e+01  -3.0179813e+00
   8.0483943e+00   7.2681982e+00   5.5649810e+00   1.9385550e+00   3.2199170e+00  -7.0244845e-01   1.1771932e-01   9.4366763e+00   1.1528377e+01   1.8270396e+01   5.4156522e+00   1.1498212e+01   1.6057290e+01   1.8706107e+01   3.5666571e+00  -1.2378628e+00   4.3748475e+00   6.9052899e+00   1.8783131e+00   6.7595026e+00  -5.1379858e+00   7.0784156e+00   5.8165459e+00   3.0643347e+00   6.6675188e+00   3.1996559e+00   2.4062498e+00  -7.0140394e+00  -4.5587811e+00  -7.2194572e+00  -7.3955748e+00
   1.3591011e+00   1.6293477e-01   2.6315773e-01   5.7156969e+00   3.5704782e+00   4.2305511e+00   7.5555800e+00   3.6821814e+00   1.9138489e+00   7.6724891e+00   5.8925506e+00   1.6704180e+01   7.2343241e+00   3.1819676e+00   6.5332753e+00   1.4834750e+01   1.3216707e+01  -8.0846020e-01   3.9784149e+00   3.9064888e+00   1.3169556e+01   2.9121886e+00   1.0879349e+01   5.1743725e-03  -9.8538664e-01   7.4514367e+00  -2.3831450e-01  -1.7373607e+00  -3.8444198e+00  -1.2293028e+00  -2.0827246e+00
   7.9470176e+00  -2.9427252e+00   2.6799091e+00   2.3046030e+00  -1.1510404e+01   9.3476881e+00   9.7298343e+00   4.2644438e+00  -5.9065192e+00   3.0686919e+00   1.1164317e+01   1.2364061e+01   5.5690721e+00   1.3780579e+01   5.7568650e+00   6.4354367e+00  -1.5893419e+00   1.2563139e+01   4.1928066e+00  -6.4348638e+00  -1.2012273e+01   2.6719613e+00   1.5175461e+00   2.2630212e+00  -1.8544779e+00   2.5536870e-01  -8.9659308e-01   3.2292961e-01   4.6705232e+00   1.7750909e+00  -3.9681082e+00
  -2.2385909e+00   8.4436392e+00  -8.5752701e+00   2.7140308e+00   3.2973568e+00   1.5412029e+00  -5.1000125e-01   6.7939164e+00   9.5806336e+00   1.6784986e+01   6.0349537e+00   3.9404122e+00   8.4370444e+00   1.1176829e+01  -5.4787437e-01   9.9204884e+00   1.0309738e+01   4.0902838e+00   3.3263022e+00   4.1606944e+00  -1.3496420e+00   1.0988468e+00   4.7872953e+00  -9.9777477e-01  -5.2246914e+00   7.5322796e+00   2.1790638e+00   5.7381330e+00   2.8908743e+00  -4.5673286e+00   8.5154893e+00
   7.4861852e-01  -2.5545990e+00  -2.3383748e+00   2.0867543e+00   6.5263775e+00   6.2353994e+00   2.2584290e+00   4.2253730e+00   1.2779781e+01   4.4099812e+00   6.6373562e+00   1.7650703e+01   2.2879046e-01   9.3756450e+00   3.9242814e+00   7.4390625e+00   1.1977866e+01   6.7531358e+00   9.9370411e+00  -2.1321610e+00   7.9121444e+00  -6.6797477e-01  -2.0954559e+00   9.7695523e+00  -4.4480808e+00  -1.7556326e+00   5.8291021e-01   1.3950083e+00   1.5015753e+00   3.9300291e+00   2.0307445e+00
  -7.5452407e-01  -5.7507618e-01   3.7788889e-01  -6.0439191e+00   3.1060487e+00   5.4019951e+00   1.6174147e+01   9.1558403e+00   1.1264410e+01   2.5173816e+00   5.4882150e+00  -8.1178920e-01   1.3016762e+01   5.2556397e+00   4.2713404e+00   6.5459130e+00   6.7484173e+00   8.1601082e+00   2.6846801e+00   4.8268849e+00   6.2398199e+00   1.6802652e+00  -7.7148594e+00   4.1816944e+00   5.6141328e-01  -6.9520738e-01  -3.9399658e+00   5.0250574e+00  -8.8677206e+00  -1.9889205e-01   4.4617176e+00
