   0.0000000e+00   5.0000000e-01   1.0000000e+00   1.5000000e+00   2.0000000e+00   2.5000000e+00   3.0000000e+00   3.5000000e+00   4.0000000e+00   4.5000000e+00   5.0000000e+00   5.5000000e+00   6.0000000e+00   6.5000000e+00   7.0000000e+00   7.5000000e+00   8.0000000e+00   8.5000000e+00   9.0000000e+00   9.5000000e+00   1.0000000e+01   1.0500000e+01   1.1000000e+01   1.1500000e+01   1.2000000e+01   1.2500000e+01   1.3000000e+01   1.3500000e+01   1.4000000e+01   1.4500000e+01   1.5000000e+01
  -2.6758742e-01  -4.5358468e+00   4.7337791e+00   1.4514903e+00  -4.9844344e+00   5.4632774e+00  -9.8056326e-02   1.5164708e+00   2.3577894e-02  -6.1309249e+00   4.1306117e+00   8.5883394e+00   4.8600229e+00   8.8412059e+00   4.9624366e+00  -7.2436061e+00   6.8286708e-01   2.2496411e+00   6.0303391e+00   6.8439256e+00   6.3487498e+00  -3.3909047e+00   4.6277853e+00   1.7250248e+00  -5.4681958e-01   3.9829496e-01  -2.8356811e+00  -7.9618011e-01  -1.8886516e+00   2.0419426e+00  -1.1803873e+00
   1.9074444e+00   4.3927683e+00   1.6191526e-01  -5.7736470e+00  -6.3493353e-01   5.0615055e+00  -5.5486623e-01   7.9089028e+00   3.4229273e+00  -1.5550595e+00   1.4864711e+00   2.9039075e+00   5.6001002e+00  -1.2733733e-01   3.8039419e+00   9.1258695e+00   4.0163707e+00   3.0141388e+00  -1.9092162e+00   3.2275593e+00   1.9834978e+00  -2.7946155e+00   2.8201951e+00   9.1272279e+00  -1.0071014e+00  -2.5663720e+00   2.5771316e+00   2.6792985e+00  -3.8914885e+00   2.0844144e+00  -5.4666047e+00
   2.3999151e+00   1.1645550e+00  -6.8355307e-02  -4.5742157e+00  -1.2122911e+00   2.7585245e+00   8.3589947e+00   5.4235133e+00  -1.8980985e-01   1.2797454e-01  -3.7038385e-01   6.2866198e+00   3.3597609e+00   7.5794193e+00   1.0622263e+01   4.9648958e+00   7.0859769e+00   2.9097057e+00  -4.8692656e+00   9.4506366e-01  -3.6714459e+00   1.0240300e+00   3.4253687e+00  -3.7050109e-01   8.7496060e+00  -3.7082711e+00   8.5157692e+00  -1.7392743e+00  -2.1417922e+00   3.1228185e+00  -1.9600616e-01
   1.1162710e+00  -1.3125333e+00   3.4783208e+00   1.1997366e+01  -4.3397522e+00   2.6548023e-01   6.7647964e+00   2.8578447e+00   7.3064432e+00   4.1593433e+00   3.4678440e+00  -3.2356692e-01   3.2551922e+00   6.8532959e+00   1.6572766e+00   1.0142458e+01   5.3113477e+00  -5.6486961e+00   5.2369501e+00   1.4261313e+01   6.6779054e+00   7.0339720e+00  -1.0458144e+01   3.5028334e+00   5.8249109e+00   4.0911570e+00   4.8381879e+00  -6.5138688e+00  -1.3392387e+00  -3.5406544e+00  -2.8061490e+00
  -3.8782281e+00   4.0334125e-01   1.3320354e-01   2.0812965e+00   2.0879415e+00  -2.2318626e+00   4.2785502e+00  -2.6198702e+00   9.6959272e+00   4.0150504e+00  -4.2317989e+00   4.0778317e+00   1.0623282e-01   4.7793802e+00   5.4060486e+00   1.2245133e+01   2.5850891e+00   3.8082601e+00  -1.2955570e+00   7.9956100e+00   1.1237993e-01   2.3898134e+00   4.6389682e+00   5.1643424e+00  -4.3196533e+00  -6.7828093e-02   1.4406603e-01   1.0243261e+01   1.2279352e+00  -4.7536426e-01   5.0869941e+00
  -4.2067277e+00  -5.6043716e+00   2.7747349e+00  -7.5574893e+00  -3.4279465e+00   3.2647674e+00   5.0486997e+00  -2.3991328e+00   6.3202893e-01   8.9578978e+00   6.9542156e+00   6.2206520e+00   2.1001392e+00   8.7343706e+00   6.9167477e+00   6.3225465e+00  -4.3039745e+00   1.8530480e+00  -3.1056593e+00  -5.2653033e-01  -8.8245515e-01   5.2254147e+00   1.0931746e+00   4.9345046e+00   1.3707514e+00   8.4147078e-01  -1.1888334e+01  -3.5295878e+00   1.0375989e+01  -2.6426259e-01  -3.5429508e+00
  -2.3738552e+00  -9.7946936e+00   2.8272373e+00  -4.1776552e+00  -2.9406112e-01   6.1992206e+00   8.2659028e+00  -7.9276274e+00   9.6062640e+00   6.7442148e+00  -3.8791555e+00  -1.1441493e+01   3.5462314e+00  -4.0185514e+00   5.5410573e+00  -4.8529193e+00  -2.3938433e+00   2.7404209e+00  -1.2699862e+00   1.2301380e+00   1.2013575e+00   3.6522180e+00   1.4574176e+01   1.7797567e+00   3.1493520e+00  -1.5291710e+01   7.4277516e+00  -7.7118465e+00  -6.4173352e-01  -3.6661852e+00  -4.4471084e+00
   6.2225925e+00   2.5391191e+00   4.7287820e+00  -2.9009914e+00   8.6910840e+00  -7.5613560e+00  -1.3534054e+00  -1.5868187e+00  -2.4577868e+00  -2.5353641e+00   1.1668472e+01   4.7653953e+00   7.8312125e+00   2.9250525e+00   3.3115926e+00   1.0390577e+01   2.4271962e-01   1.8919372e+00  -3.3239128e-01  -8.4425102e-01   9.2102806e-01  -1.2391334e+00  -7.0387729e+00   6.2096476e+00   1.5281703e+00  -3.5172055e+00   6.6040093e+00   2.0128072e+00  -7.3264111e+00  -1.8143013e+00   1.4012650e+00
   4.8099434e+00  -2.7816815e+00   1.8632034e+00  -7.0474176e+00  -4.8076991e-01   2.8345094e+00   2.6471240e-02   8.4305472e-01  -5.5495365e+00   1.2866816e+01   1.0160705e+01  -2.8007351e+00   2.8697862e+00   1.8242306e+00   5.0178954e+00   4.7421206e+00   5.0805750e+00  -1.4847527e+00  -5.0606066e+00   3.8426001e+00   3.1202485e+00   6.4190653e-01   8.4957558e+00   4.2663641e+00  -6.0562640e+00   5.7293073e+00   4.5359843e+00   7.6314837e+00  -8.5443918e-01   2.0292714e+00  -3.0113425e+00
   5.9812252e+00   1.9635905e+00  -3.5768704e+00  -1.3451617e+00   1.6581215e+00   4.0717188e+00  -1.9622203e+00   3.7770717e+00   5.5484295e-01   6.2546846e+00   5.9684250e+00   5.7936721e+00   3.8904462e+00   1.1035519e+00  -2.7818163e+00  -7.4743779e-01  -3.4102811e+00   8.6476304e+00  -2.8695283e+00   1.0164736e+00   8.2683937e+00   4.7403994e+00  -5.6379394e+00  -6.4310539e+00  -5.5121854e+00   7.5869580e-01   2.0330942e-01  -4.6226605e+00  -4.9083966e+00   4.6336647e+00  -2.5486873e+00
