   0.0000000e+00   5.0000000e-01   1.0000000e+00   1.5000000e+00   2.0000000e+00   2.5000000e+00   3.0000000e+00   3.5000000e+00   4.0000000e+00   4.5000000e+00   5.0000000e+00   5.5000000e+00   6.0000000e+00   6.5000000e+00   7.0000000e+00   7.5000000e+00   8.0000000e+00   8.5000000e+00   9.0000000e+00   9.5000000e+00   1.0000000e+01   1.0500000e+01   1.1000000e+01   1.1500000e+01   1.2000000e+01   1.2500000e+01   1.3000000e+01   1.3500000e+01   1.4000000e+01   1.4500000e+01   1.5000000e+01
  -1.3550748e+00   4.0213765e+00  -4.8751941e+00  -6.4920419e-01   1.5221241e-01   1.7364751e+00  -6.4279481e-01  -1.0354997e+00  -1.2712168e+00   1.0410275e+00  -4.2866834e-01  -6.6119062e+00   8.7087105e+00   6.4912629e+00   1.0977269e+01   3.5930435e+00   6.8701235e+00  -1.3904746e+00  -4.4679897e-01   1.3254192e+00   6.8466976e+00  -1.2033123e+00   3.0627476e-01   4.4804460e+00   5.9100171e+00   9.9732234e-01  -7.6760527e-01  -2.7291918e-01  -2.5262752e+00  -4.9828692e+00   4.0172128e+00
  -1.4596724e+01   3.2111970e-01   3.9884022e+00  -1.5062567e+00  -4.7356820e+00  -1.2226044e+00   2.1813393e+00   7.3006084e+00   4.5449440e-01   3.6344289e+00   1.0266290e+01   2.4552401e+00  -8.7416221e-01   1.0298618e+00   9.5901139e+00  -9.3629883e-01   7.8741980e+00  -3.9026635e+00   7.7406956e+00   3.1724952e+00   9.7203234e-01  -3.1860231e+00   1.4949091e+00  -6.1857853e+00   1.5408690e+00  -3.6483817e+00  -8.0202265e+00   4.6710595e+00   6.6627837e+00  -6.7548654e+00   1.8517800e+00
  -1.8407645e+00  -8.0661587e+00  -6.4796486e+00   3.5628025e+00   1.1468746e+01  -3.4392250e+00  -4.0603784e+00   2.8620283e+00   1.5196947e+01   1.5801788e+00  -4.1937930e+00   5.5530839e+00  -9.7659929e+00   8.0812086e+00  -5.3280386e+00   2.2275289e+00   1.9445638e+00   3.9677011e+00   1.0364575e+01   1.0541971e+01  -4.3817845e+00  -4.7375969e+00  -3.3156458e-01  -6.7341516e+00   8.0883454e-01  -1.0236674e+01  -1.9682195e+00   1.8852809e+00  -8.3831131e+00   1.1723775e+00   7.4969552e-01
  -4.7707773e+00  -4.4180571e+00   1.2998153e+00  -3.2038656e+00   1.2583105e+00  -2.3356459e+00  -3.4731267e+00  -5.7040226e+00   1.0102683e+01   2.0138136e+00   6.1189676e+00   2.8613486e-01   7.1671067e+00   5.8967662e+00   7.3497598e+00   8.7540021e-01   9.7734603e+00   3.7479879e+00   9.9162201e-01  -2.1166305e+00   5.1479238e+00   1.0355513e+00  -3.7663323e+00   3.2464290e+00   4.0916081e+00  -6.1357087e+00   5.5285131e+00  -4.5637687e+00  -2.0540120e-01   2.5830248e+00  -6.8351102e-01
  -6.9178497e+00   4.0172553e+00   3.5740414e+00   3.4935701e+00  -4.0485338e+00   1.1284697e+00  -2.4829551e+00  -8.6185749e-01   2.6995690e-01   1.1288650e+01   3.7082422e+00   7.9863556e+00   8.4091790e+00   7.9922319e+00   5.3730729e+00  -2.6752592e+00   3.5850351e+00   8.1216213e+00   2.1482336e+00   1.3370149e+00  -7.2127545e+00   7.3011325e+00   5.3518603e+00   2.6864586e-01  -5.1578336e+00   4.2493048e+00  -3.6172904e+00   7.0157464e+00   4.2979500e+00  -8.7494406e+00  -9.8675644e+00
   1.8425110e+01  -1.6571289e+00   1.9758019e+00   2.0481909e+00  -2.4647441e+00  -5.6205955e-01   8.3890966e+00   3.9230708e+00   4.7189137e+00   6.3762741e+00   8.3884112e+00   9.8037783e-01   2.8408882e-01   2.5500342e+00   2.1867884e+00   3.5506691e+00   7.9886183e+00   1.1839270e+00  -1.8504616e+00   4.6336544e+00   5.5945890e+00   1.0455642e+01   1.5237431e+01   4.0627487e+00  -2.9036491e+00  -1.5286171e+00   9.7499065e+00   3.8467863e+00  -2.1676409e+00   4.9678787e+00   6.1595006e+00
   5.7950560e+00  -1.0710738e+00  -2.8470931e+00  -2.5498413e+00   3.5834021e+00   5.9964579e-02  -2.8743523e+00   1.2080911e+01   2.1729620e+00   2.6230443e+00   1.1291507e+01   1.9945468e+01   8.7448040e+00   1.0820394e+00   3.5090404e-01   9.8802609e+00   3.3583122e-01   3.6209449e+00   8.3726166e+00  -3.6638505e+00  -3.0689214e+00   5.9520575e+00  -7.1087832e+00   3.0761101e+00   1.7021098e+00   3.4494535e+00  -3.6917631e+00  -1.1510374e+00   7.1123004e-01   1.0920995e+01   1.2954683e+00
   3.2357894e+00  -3.1927301e-01   6.2377396e+00   8.8040460e-01  -4.5264832e+00  -1.2860526e+00   1.8716180e+00  -2.9074517e-02   3.8066972e+00   2.5981007e+00   5.8790565e+00   1.8573602e+00   5.6414706e+00   9.0232085e+00   5.9471450e+00  -2.1629638e+00   4.1829029e+00   5.0032931e+00   4.2969861e+00   7.1280670e+00  -1.8188688e+00   4.7384942e+00  -1.2899786e+00  -8.6461923e-01   3.8713744e+00  -3.0633656e+00  -3.7132473e+00   2.5857556e+00  -2.5883111e+00  -9.1897831e+00  -7.2187939e+00
   5.6768664e+00   4.4052636e+00   3.6866246e+00   4.3847127e+00   1.3269413e+00  -1.0343187e+01  -5.8663349e+00  -1.9372850e+00   6.0249959e+00   9.5569838e+00  -1.0713742e+00   4.0300628e+00   9.5119399e-01   5.3530330e+00   3.8969226e+00  -1.1055252e+01   1.7343019e+00   1.0689746e+01   4.5758685e+00   8.6139755e+00   2.2538173e+00   1.1294351e+01   2.7479276e+00  -5.6459326e+00  -5.0227172e+00   6.7144313e+00  -2.3657179e+00   9.7058425e-01   4.0728781e+00  -3.0872429e+00   9.8157294e+00
  -1.3715457e+00   2.0262495e+00   4.3703084e+00   5.5385323e-01   3.1209529e+00   1.1286507e+00   7.1898834e+00   4.8755705e+00  -4.0982301e+00   9.4344074e+00   3.0100034e+00  -2.3768745e+00   5.6225974e+00   6.1742910e+00   9.9113610e-01  -1.7986980e+00   3.6411667e+00  -2.1820057e+00   1.1577879e+01  -1.8505511e+00  -4.0577920e-01  -4.4683581e+00  -3.7839810e+00   7.4288660e+00  -2.8720842e+00   4.5214957e+00   9.1658596e+00   3.0355346e+00  -2.7714493e+00  -5.0589640e-01  -4.8370720e+00
