   0.0000000e+00   5.0000000e-01   1.0000000e+00   1.5000000e+00   2.0000000e+00   2.5000000e+00   3.0000000e+00   3.5000000e+00   4.0000000e+00   4.5000000e+00   5.0000000e+00   5.5000000e+00   6.0000000e+00   6.5000000e+00   7.0000000e+00   7.5000000e+00   8.0000000e+00   8.5000000e+00   9.0000000e+00   9.5000000e+00   1.0000000e+01   1.0500000e+01   1.1000000e+01   1.1500000e+01   1.2000000e+01   1.2500000e+01   1.3000000e+01   1.3500000e+01   1.4000000e+01   1.4500000e+01   1.5000000e+01
  -4.8131212e+00   2.3734135e+00   3.9617157e+00  -7.7507018e-02   2.8544928e+00   1.7715291e+01   9.5516513e+00  -1.4137126e+00   1.5559332e+01   1.8578309e+01   2.4792698e+00   8.1958352e+00   6.0137498e+00  -2.3532749e+00   3.9610061e+00   7.3138606e+00   2.1461313e+00   1.6819717e+00   4.0557350e+00   3.0812424e+00  -3.4017855e+00   4.8239479e+00   7.3772798e+00   3.8148582e+00  -6.5894079e-01   1.8715433e+00  -6.7333374e+00   9.5101916e+00  -2.8085551e+00  -2.1689963e-01  -6.5371884e+00
   7.3882522e+00   4.2807882e+00  -1.8479416e+00   1.4811142e+01  -1.4600372e+00   1.3569123e+01   6.7993472e+00   1.2387366e+01   1.1429018e+01   5.6645015e+00   1.0509346e+01   9.7714061e+00   3.3119175e+00  -1.5847218e-02   8.5486452e+00   1.7443036e+00   7.7245817e+00   1.4920564e+00   1.7713113e+00   4.1211173e+00   6.4822955e+00  -7.1796408e+00  -2.2402386e+00   2.0621653e+00   8.9863587e+00   6.2033061e+00   1.0456708e+00   1.0235785e+00  -3.0137440e-01   3.8202949e+00  -2.9344423e-01
  -4.0848764e+00  -1.3355765e+00   1.4662752e+00  -1.0737462e+01  -3.3126691e+00   1.8742963e+00   6.2121677e+00  -2.3611389e-01  -1.5051108e-01   1.5664930e+01   5.0730076e+00  -1.6111766e+00   1.5694157e+01   7.7384476e+00   8.9579453e+00   6.2057773e+00   4.5981917e+00   6.3256045e+00  -1.3581478e+00   7.5024683e+00  -1.1068170e+00  -4.6739869e+00   1.5216733e+00  -3.8064333e-01   6.0893161e+00  -6.5061877e+00  -3.1838198e+00   2.8692458e+00   2.6852363e+00   2.4123425e+00  -2.9009753e+00
  -1.7638242e+00   6.2784488e+00   7.5782122e+00   1.1250244e+01   6.8524026e+00  -1.3254424e+00   3.8170051e+00   7.3022652e+00   1.1719197e+01   4.9349171e+00   9.3836376e+00   4.4497450e+00   7.8460788e+00   5.3513907e+00   8.3182493e+00  -2.1115184e+00   1.4444429e+00   6.4648541e+00   3.5678790e+00  -1.8759400e+00   2.7237226e+00   2.1537013e+00   1.8248645e+00   1.8884878e+00   4.8185345e+00  -1.0696964e+00  -1.2164560e+00  -5.3473174e+00   3.1980150e+00  -6.5019807e+00  -6.5718901e+00
   9.1367865e+00   1.2233572e+00   2.0698428e+00  -1.1031762e+00   3.8188408e+00   6.6027526e+00   1.2291210e+01   9.4035242e+00   7.8088903e+00   7.7357362e+00   1.4042996e+01   1.0658464e+01   1.0613295e+01   4.9484034e+00   2.8475301e+00   3.8075548e+00   4.5792914e+00  -1.1691069e+01   7.8399652e+00   1.1752440e+01   1.7611129e-01   4.2650324e+00  -2.3742988e-01   5.0047881e+00   5.3628013e+00   2.5437335e+00   2.1374901e+00   7.3091942e+00  -6.2585406e+00  -1.9352335e+00   1.4694478e+00
   9.3892943e+00   3.3802663e+00   7.3411312e+00   1.0462010e+01   2.5668091e+00  -1.1528744e+00   5.2363464e+00   1.6630465e+01   1.1674497e+01   1.0834479e+01   1.6448198e+01   1.6162224e+01   1.3058831e+01   7.0028448e+00   1.3727587e+01   6.5908206e+00   2.6450121e+00  -1.5150528e+01  -5.2958147e-01   4.1683190e-01  -1.1529724e+01   1.9135896e+00  -2.8397401e+00   3.6037299e+00   8.3287076e+00   3.7673227e+00  -8.7145800e-01  -8.6419875e+00  -6.3181492e+00  -5.4765172e+00   8.4394086e+00
  -3.2070024e+00   6.7141571e-01   7.6064851e-01   7.1243173e+00   5.1115886e+00  -3.0340988e+00   1.1967971e+01  -2.1404841e+00   1.2452452e+01   6.1874099e+00   6.3479829e+00   5.8768821e+00   1.5972345e+01   1.3306658e+01   4.1029316e+00   4.6623875e+00  -2.9245564e+00   1.2767424e+00   7.2101741e+00   3.7036266e+00  -2.4332218e+00   3.6253080e+00  -6.6799032e+00   2.0075282e+00  -1.1199017e+00  -8.2385525e+00  -5.5848543e+00   1.8574531e+00  -1.8958192e+00   1.7899938e+00   4.1836796e+00
   5.3164784e+00   4.1051402e+00   2.2823016e+00   7.9404736e+00  -2.7444934e+00  -2.7136748e+00   1.0407212e+01   7.8174160e+00   1.7521129e+00   7.4920307e+00   1.4580687e+01   4.6981934e+00   9.5715778e+00   9.0424458e-01   6.6655312e+00   2.8987005e+00   7.9270725e-01   1.0075275e+00   1.4490319e+00  -2.7787359e+00   1.1535301e-01  -1.8849116e+00  -3.5482403e+00  -1.1551222e+01   4.1348357e+00  -7.4462709e+00  -4.1347495e+00   1.9989539e+00  -2.4202815e+00   1.0602337e+00  -4.0428499e+00
  -2.5512631e+00  -6.9279583e+00   5.5565578e+00   9.2085863e+00  -2.7803784e+00   5.9576181e+00   4.4509293e+00   1.1609727e+01   1.3540822e+01   3.7821915e+00   1.2405120e+01   4.0362702e+00   1.2577199e+01   3.9437347e+00   7.5987914e+00  -3.7972890e-01  -3.0469795e+00  -8.2960496e+00  -2.8630470e+00   3.1429202e+00   2.0562225e+00   8.1734967e+00   2.8198296e+00   5.6469233e+00   2.0998568e+00  -7.8069310e+00  -2.6398885e-01  -7.6645164e+00  -5.5591143e+00   4.0950889e+00   2.5401794e+00
   5.5775035e+00   1.4778605e+00  -7.4808218e-01   4.6799933e+00   5.2883093e+00  -3.9177829e+00   4.9966730e+00   1.0017201e+01   1.4821803e+01   1.4105053e+01   1.8102094e+01   9.3034226e+00   1.3601616e+00   8.3159821e+00   2.6428505e-01  -1.7892849e+00   4.6188809e+00   3.7562425e+00   2.4685325e+00   5.0476113e+00   4.3219356e+00   1.7488012e+00  -5.4304615e+00   8.6859196e+00   4.9765728e+00  -5.5814936e+00   1.3209369e+01   1.1929799e+01   3.0952790e-01  -2.9255398e+00  -4.9083795e+00
