   0.0000000e+00   5.0000000e-01   1.0000000e+00   1.5000000e+00   2.0000000e+00   2.5000000e+00   3.0000000e+00   3.5000000e+00   4.0000000e+00   4.5000000e+00   5.0000000e+00   5.5000000e+00   6.0000000e+00   6.5000000e+00   7.0000000e+00   7.5000000e+00   8.0000000e+00   8.5000000e+00   9.0000000e+00   9.5000000e+00   1.0000000e+01   1.0500000e+01   1.1000000e+01   1.1500000e+01   1.2000000e+01   1.2500000e+01   1.3000000e+01   1.3500000e+01   1.4000000e+01   1.4500000e+01   1.5000000e+01
   1.1480678e+01  -1.2707685e+01   4.3077783e+00  -4.9666389e-01   1.5918292e+00   3.4737502e+00   8.0729584e-01   7.6031039e+00  -1.4739999e+00  -5.1054340e+00   2.8931057e+00  -7.5120505e+00  -4.6374285e+00  -2.8923763e+00   1.4807622e+00   9.7690145e+00   2.3379140e-01   1.2240971e+00   1.0407677e+01   1.0610825e+01   7.9723567e-02   9.7695273e+00   7.2121377e+00   3.5924814e+00  -4.8444088e+00  -4.7067109e+00  -5.4279772e+00   5.2244847e+00  -2.0707205e+00   2.8232293e+00  -2.7186363e+00
  -3.4727707e+00  -4.2495275e+00  -5.5870412e+00   3.9772130e+00  -1.2554864e+00   5.2736866e+00  -2.6301225e+00   1.2068462e+00   6.9275399e-01  -5.1311301e+00   1.7992283e-01  -1.5073162e+00   7.1745037e+00   5.7820194e+00   3.5421951e-01   5.0612893e+00   7.7563757e+00   7.4834133e-01   7.0053862e+00   4.9625193e+00   5.2125518e+00   2.8798773e+00   2.0799894e+00  -4.6545316e+00   8.1903143e+00  -3.3375837e+00   4.9763984e+00  -9.6107356e+00  -3.5518366e+00  -9.6353454e+00   8.7659686e+00
   3.6292815e+00  -7.8395650e+00  -5.3106150e+00  -3.4584734e+00   5.1393675e+00  -1.5400863e-01   4.2404578e+00   2.8017148e+00   2.5159787e+00   2.2268082e+00   3.2362722e+00   2.6319197e+00   3.9099123e+00   8.3156220e+00   1.1907538e+01   7.4844514e+00   4.5682208e-01   3.6236652e+00   8.2627993e+00   7.7092397e+00   9.9388626e+00   4.1232993e+00   3.5980801e+00   4.3807342e+00   8.7674845e+00   6.8112270e+00   5.0659224e+00  -2.0865855e+00  -5.6700125e+00  -3.8700120e+00  -1.4117530e+00
   1.4955212e+00   1.3095427e+00  -6.8150593e-01   3.4757582e+00  -1.7485651e+00  -4.9755113e+00   9.2695440e+00  -5.7871937e+00   1.1315443e+01  -1.6863788e-01   4.7234536e+00   2.8088845e-02  -3.4963180e+00   4.7196471e+00   5.5777961e+00   4.1723034e+00   8.9768925e+00   6.5088329e+00   4.3637225e-01   7.3228377e+00   4.4824589e+00   6.9629651e+00   2.5796663e+00   5.1182011e+00   3.8302683e-01   1.3674737e+00  -4.8298430e+00   4.0652220e+00   7.3490619e+00  -1.1680628e+00  -2.7243067e+00
  -4.9760742e+00  -3.7879754e+00  -8.5471747e+00  -3.7123024e-01  -8.3977167e+00   6.9644742e+00   4.4440903e+00  -4.4192597e+00   9.0636251e+00  -2.8400072e+00  -5.4221440e-01   3.0192672e+00   2.9382721e+00  -1.4540335e-01   2.6573558e+00   5.8266642e+00   5.1023634e+00   1.0400977e+01   9.8004305e-01   1.0776200e+01   9.5498222e+00   1.0834111e+01   3.5004646e-01  -4.9694769e+00  -2.9473278e+00   6.7382517e+00   6.3567993e-01   5.6147156e+00  -3.6871145e+00  -1.7595058e+00   1.5939620e+00
   4.2793362e+00   1.0410749e+01  -3.4930902e+00  -9.0091459e-01   5.2244355e+00  -3.0315377e+00   7.5014831e+00  -1.4204877e+00  -5.7360595e+00   9.8485597e+00   5.0007767e+00   7.7269685e+00   1.2107460e+00   5.8215918e+00  -2.3148686e+00   3.2998101e+00  -2.2024726e+00  -8.3577003e-01   8.1815157e+00   8.7268209e+00   1.0611270e+01   6.7868130e+00   1.2013519e+01   1.3426431e+01   2.4896625e+00   2.1691230e+00   9.0934973e+00   3.2446401e+00   3.4560636e-01   1.9443122e+00  -1.2024003e+01
   9.7067229e+00   4.1525052e+00  -3.9867753e+00   2.2825390e+00   7.7406801e-01   8.1373359e+00   3.1137744e+00   8.3327092e+00  -2.2097027e+00  -1.3897212e+00   3.2316610e+00   2.1855446e+00   2.6832834e+00  -5.3787867e+00  -2.7368121e+00   6.0047396e+00   1.0432286e+01   1.7330000e+01   5.1188431e+00   5.9667072e+00   8.7467196e+00   1.0823497e+01   6.4153947e+00   6.0294217e+00  -7.1330135e+00   1.4130187e+01   3.1714672e+00  -3.8628339e+00   3.0173753e+00  -4.7854687e-02  -1.1180984e+00
   2.0857925e+00   1.5174358e+00   5.8406761e+00  -4.7810057e+00  -5.5968751e+00   3.4781272e-02   6.1808624e+00   4.6007298e+00   1.4427574e+00   1.1000531e+01  -3.5004673e+00   2.9338449e+00   1.9606534e-01  -1.4840133e+00   3.4717672e+00   5.5645616e+00   1.5794890e+01   4.2029532e+00   9.2245389e+00   1.5756259e+00   5.2013777e+00   8.9916851e+00  -5.7537361e-01   3.3246384e+00   7.2449280e-01   1.9457865e-01   2.9797241e+00   2.6601555e+00  -3.2506737e+00  -4.4155366e+00   1.7691861e-01
   1.7089737e+00   1.1503522e-01  -3.5899655e+00   8.8448407e-01   1.0794196e+01  -2.7025032e-01   6.9302120e+00   6.8000915e+00  -7.1327586e+00  -4.3640671e-01   9.4207958e+00  -4.0001377e-01   7.6161869e+00   8.4097416e-01   9.2268936e+00   3.9458312e+00   5.5138611e+00   2.3153078e+01  -5.4591367e-01   1.0649918e+01   1.1209492e+01   1.6694569e+00  -8.0782665e+00   1.0216279e+01   3.0550695e+00  -3.5733068e+00   1.9380378e+00  -7.3577522e+00   4.6707326e+00   1.9433160e+00   2.6554636e+00
   5.9512016e+00  -1.1277569e+01  -5.8784969e+00   4.6911870e+00   5.4882460e+00  -3.3734743e-01   2.3041492e+00   3.1420778e+00   5.4464279e+00   4.5922239e+00   1.6291691e+00   9.8797271e-01   1.7298751e+00  -2.6644822e+00  -3.9719722e+00   8.4853643e+00   1.3025975e+01   1.7779040e+00  -2.7048626e+00   2.9199857e+00   5.1851755e+00  -4.9152219e-01   4.6439901e+00   5.3381872e+00   2.4691525e+00   6.5860418e+00   2.9919240e+00   9.5858310e+00  -9.4295552e-01  -1.0342574e+01  -5.4991431e+00
