   0.0000000e+00   5.0000000e-01   1.0000000e+00   1.5000000e+00   2.0000000e+00   2.5000000e+00   3.0000000e+00   3.5000000e+00   4.0000000e+00   4.5000000e+00   5.0000000e+00   5.5000000e+00   6.0000000e+00   6.5000000e+00   7.0000000e+00   7.5000000e+00   8.0000000e+00   8.5000000e+00   9.0000000e+00   9.5000000e+00   1.0000000e+01   1.0500000e+01   1.1000000e+01   1.1500000e+01   1.2000000e+01   1.2500000e+01   1.3000000e+01   1.3500000e+01   1.4000000e+01   1.4500000e+01   1.5000000e+01
  -3.3961397e+00   1.5035441e+00  -1.2445870e+00   9.1878558e+00   3.7839546e+00   7.8185439e-01   1.0056613e+01   8.4403147e+00   1.4657014e+01   4.4410661e+00   8.5870410e+00   5.1893054e+00   1.5089370e+01   5.6288131e+00   6.2443011e+00   1.1432745e+01   6.4045094e+00  -1.8544593e+00  -2.6627669e+00   4.2033959e+00  -2.7239493e-01  -2.5534909e+00  -3.3919670e+00  -2.6511315e+00   1.2917789e-01   1.2108278e+00  -7.5732385e+00   8.4196274e-01  -4.0535990e+00  -9.6084134e+00  -2.0137405e+00
   3.0433729e+00   5.9893217e+00   4.3064657e-01   7.9961150e+00   1.4650340e+00   2.6251788e+00   3.0105765e+00  -1.9960994e+00   1.8183220e+00   6.1552646e+00   4.9432825e+00   1.0825723e+01   5.8396486e+00   8.3126125e+00   7.1872248e+00   2.6524758e+00   1.6573755e+00  -1.7489336e+00  -9.3308700e-01   2.0906098e+00   2.2664896e+00  -7.4184098e+00  -2.2580927e+00  -2.7550530e+00  -8.8620250e-01  -1.1836840e+01   2.5128302e+00  -7.4526344e+00  -9.7882530e+00   3.5653889e+00  -3.1569575e+00
   2.9548281e+00   5.1402530e-01   6.5034124e+00  -1.1476446e+00  -2.4185249e+00   7.6909632e+00   5.7117072e+00   2.8648161e+00   7.6875615e+00   9.6158146e+00   8.2969932e+00   8.1917483e-01   5.1042914e-02   1.2800568e+00   6.7257034e+00   1.4397462e+00   6.1833880e+00   3.5997078e+00   8.7537143e-01   7.6616951e+00   6.6547834e+00   3.2159843e+00   3.2092306e-01   6.5133382e+00  -2.6655957e+00  -8.9026909e+00   2.0755765e+00  -2.2815094e+00   2.6123214e+00  -4.4016827e+00  -2.7078649e+00
   2.6102074e+00   3.1046006e+00  -5.4194736e-01   3.1577329e+00   5.3219351e+00   1.2968063e+01  -1.6459563e+00  -3.0870101e+00   7.2193176e+00   8.7793650e+00   7.6310631e+00   3.7632846e+00   3.9408617e+00  -2.7619380e+00   1.0826234e+01   8.0825837e+00   5.6194785e+00   2.3944820e+00   7.7911788e+00  -2.1183950e+00   5.6440782e+00   7.5809676e+00   1.5972052e+01  -2.5242445e+00  -1.3870196e-02   3.2716643e+00   2.2656245e+00   8.8354795e+00  -9.7742503e+00   3.7427631e+00   4.7399134e+00
   1.0754689e+01   8.4206834e+00  -2.2577037e+00  -6.8133209e-01  -6.1235343e-01   5.6564546e+00   3.3946530e+00   3.7466562e+00  -4.2628809e+00   9.5717613e+00   1.2918702e+01   1.6496555e+01   1.0161190e+01   9.8017428e+00   3.3192381e+00   1.7689986e+00   8.0564134e+00   3.5780355e+00   1.1696614e+00   4.2247273e+00  -3.3164601e+00   5.2540026e+00  -1.3241672e+00   1.5495027e+00   1.0033301e+01  -1.4243374e+00   5.3774661e+00   1.2158715e+00   1.0325879e+01   3.7278077e+00  -1.7687785e+00
  -4.2041926e+00   4.4891440e+00  -4.9261364e+00  -5.2525306e+00   9.0825358e+00  -1.4492069e+00   3.5548781e+00   1.0825677e+01  -1.7092544e+00  -2.8985861e+00   7.6935704e+00   9.1416042e+00  -1.1468608e+00   4.7986172e+00   1.1685583e+01   1.3498667e+00  -1.0167651e+00   6.8630920e+00   3.4018686e+00   1.0032834e+00  -2.2601806e+00   8.7930811e+00  -5.4949675e+00  -9.5146331e+00  -1.3188591e+00  -1.4450347e-01  -3.5725638e+00   9.1198490e+00   2.2214706e+00  -4.6183710e+00  -9.1938232e+00
   5.3886811e-01   7.6223228e+00   1.6054998e+00   8.2669264e+00   3.6733702e+00   1.9331474e+00   3.8341703e+00   6.0192359e+00   4.2093911e+00   1.0185964e+01   1.3073722e+01   9.4320112e+00   1.4076470e+00   8.3280513e+00   3.7137503e+00   3.5402637e+00  -5.4930574e+00   6.2204436e+00   3.6394298e+00   6.7582277e+00   3.8421015e+00  -3.8978222e+00   2.1954124e+00   5.2655885e+00  -2.1229495e+00  -1.3188571e+00  -1.0984082e+01  -6.0275251e+00   3.3947610e+00   1.2346100e+01  -4.0807876e+00
   6.2542027e+00   1.0441646e+01   7.1288537e+00   7.3955484e-01   8.9930121e+00  -1.3515003e-01   8.1761772e+00   2.2604260e+00  -1.6336184e+00   6.7759966e+00   5.7899476e+00   5.2441391e+00   8.5104307e+00   7.7100985e+00   1.9566090e+00   5.4442249e+00  -2.5757367e+00   8.0082272e+00  -6.5034078e+00  -3.8464101e+00  -4.0234094e+00  -1.8861716e-01   1.1919217e+00   2.5976893e+00   5.4173059e+00   1.4219188e+00  -8.2871793e+00  -1.9449588e+00   2.6671961e+00   1.2232526e+01  -1.0801878e+00
   2.2822873e+00   1.6499978e+00   7.9705981e+00   6.8503573e+00   4.7797859e+00   4.2810810e+00   1.0321048e+01  -5.7882823e+00   1.4435504e+01   1.2135728e+01   9.7819864e+00   9.7708750e+00   1.1026787e+01   1.3910171e+01   1.7238106e+01   6.4450267e+00   8.2091134e+00   3.2922275e+00  -4.3264497e+00   4.8071118e+00   4.7589295e+00  -3.5423467e+00  -7.4330143e-01  -1.1548010e+01  -1.8541060e+00   3.7164674e+00  -1.4652824e+00   1.0614494e+00   1.1681890e+01   8.3785544e+00  -6.6574433e+00
  -2.2495941e+00   8.1050485e+00   4.0347382e+00   3.1556404e+00   8.8689556e-01   6.2871623e+00   1.2757230e+01   9.0603838e-01   7.4693495e+00   1.5113068e+01  -1.3261537e+00   4.1340966e+00   5.9483130e+00   7.8704707e+00   1.0825197e+01   3.1321672e+00   2.0771595e+00   1.8881116e+00   1.1577268e+00   5.1993779e+00   3.9793020e+00   2.9703754e+00   1.5926425e+00   6.6298587e-02   2.3511874e-01  -3.6525972e+00  -1.2957407e+01  -8.9136172e+00  -1.1488984e+00  -2.2266793e-01   7.4855375e+00
